0.9999715521165226
0.7108257872685498
0.9999915709974881
0.8441782510105492
0.4075365835165668
0.9627180090143054
0.9999860867629463
0.999898229187869
0.8186721991701245
0.9999860867629463
0.9999142661179699
0.25925925925925924
0.07857858804395107
0.9997106481481481
0.8327759197324414
0.14900662251655628
0.9999832164076399
0.297157622739018
0.7925881349982449
0.9721315192743764
0.12232415902140671
0.3305340223944875
0.16949152542372883
0.5890900497904324
0.9999142661179699
0.6757741347905282
0.5802973977695167
0.1120162932790224
0.24093511450381674
0.06666666666666667
0.999958905235473
0.19274611398963734
0.8657355161143763
0.13071895424836602
0.5330940170940172
0.06793478260869565
0.0617283950617284
0.33045977011494254
0.9999860867629463
0.9362505744485294
0.9558128544423441
0.8994334277620396
0.19047619047619047
0.8523147214943225
0.05494505494505494
0.1891552511415525
0.9999460101500918
0.3234880450070324
0.96875
0.9995
0.45510204081632655
0.39715302491103205
0.49292734337303495
0.150667451904201
0.9999832164076399
0.14457370923913043
0.9003247863247862
0.9999794989544467
0.9997724169321802
0.10357815442561205
0.9999375
0.8747244897959184
0.8411397345823576
0.9998779296875
0.5178125
0.7277144064216308
0.13401290931989923
0.22142857142857147
0.5305127358610354
0.21315192743764175
0.5366781247714473
0.9999908878845313
0.999958905235473
0.1405622489959839
0.9999638310185185
0.8935529498338249
0.9665949820788531
0.13975155279503107
0.17619375573921028
0.946304132008366
0.999958905235473
0.9668802124147365
0.9999142661179699
0.9993141289437586
0.13333333333333333
0.10542168674698793
0.7205975173574584
0.890547102419112
0.48175817946226107
0.999968
0.9995
0.11019283746556474
0.2741552193821365
0.9998177842565598
0.7131446039340777
0.999898229187869
0.45436290128249746
0.640821190597169
0.9999375
0.80629374051779
0.9997106481481481
0.11702127659574467
0.9998518518518519
0.1964925755248336
0.18731988472622477
0.11070110701107011
0.999968
0.9576091954022988
0.9999772230320699
0.6844250444839858
0.9999638310185185
0.8289241622574957
0.9999901289163524
0.10989010989010989
0.9999814814814815
0.999968
0.35009611687812375
0.3286013681837953
0.08120649651972156
0.7937424124176206
0.22035872350337765
0.37599381625441697
0.09689922480620156
0.9999814814814815
0.7869918699186992
0.2405286815068493
0.1769248501613647
0.09859154929577464
0.39788796482974903
0.999968
0.9999638310185185
0.4265202702702703
0.665728672985782
0.7685185185185186
0.9374231387758963
0.999958905235473
0.22522522522522526
0.9999872786484836
0.7275120101603195
0.5605814582850073
0.9373094802621551
0.728306697972683
0.9999772230320699
0.9999375
0.16312647507982786
0.16269329896907217
0.6630369928400954
0.09740259740259741
0.08547008547008547
0.9686199271592091
0.21627800640146325
0.11666666666666667
0.999958905235473
0.24153965383621803
0.07992895204262877
0.8613109512390087
0.16277372262773726
0.3634404991745712
0.3512453557176276
0.12010954616588417
0.6413690476190476
0.29523809523809524
0.9714965986394558
0.3897625689944804
0.3329045536403396
0.21157631061012702
0.22175058548009366
0.9999271030762502
0.059288537549407105
0.24994439501779356
0.19497903142413966
0.4299729150919626
0.5664062500000001
0.8884270543175486
0.5369743378793153
0.24754901960784315
0.9999715521165226
0.8868312757201647
0.9999892832647462
0.245398773006135
0.10392609699769052
0.47338807785888076
0.14705882352941174
0.10256410256410255
0.209471766848816
0.9169724770642201
0.4161934931165701
0.3126050420168067
0.267478813559322
0.22777777777777783
0.9999927453171021
0.9999892832647462
0.7359240967660109
0.9999832164076399
0.8792196123732511
0.9999142661179699
0.999898229187869
0.5654100649547744
0.9999142661179699
0.8069303985722783
0.5608465608465608
0.2734942768895349
0.9999530428249437
0.26900584795321636
0.43670165908089853
0.840245897427113
0.9995
0.7595947396672034
0.9707207207207208
0.9999142661179699
0.2577319587628866
0.22837706511175898
0.5980732554159128
0.11428571428571428
0.26749952317375547
0.0423728813559322
0.23363970588235294
0.12539184952978058
0.17464788732394365
0.9926218429758734
0.0859501211631664
0.17191977077363896
0.39399886381242577
0.9720439204421556
0.9999375
0.13846153846153847
0.9999460101500918
0.9138922554806898
0.41263003255777014
0.999968
0.9197099892588614
0.6617356374591604
0.9521053791887125
0.9985422740524781
0.21879867601246106
0.9999872786484836
0.9740570628870264
0.9999847412109375
0.16736401673640164
0.9999271030762502
0.5182786895413891
0.317920918367347
0.2744364155596902
0.40154743457300274
0.999968
0.9999908878845313
0.5125641025641027
0.12448132780082988
0.6052358093729896
0.09259259259259259
0.07434944237918215
0.9999832164076399
0.18898305084745765
0.24182283785356767
0.6605880249604946
0.9305728088336784
0.19604037267080746
0.9999530428249437
0.18656569242298743
0.1900111607142857
0.9998177842565598
0.9498158237654036
0.9999638310185185
0.3800082610491532
0.1358695652173913
0.13157894736842107
0.9999794989544467
0.10683760683760686
0.3430230702957976
0.17804154302670624
0.9054545454545455
0.9430991803729578
0.3339273837888796
0.9728895562228896
0.999958905235473
0.22149122807017546
0.9998177842565598
0.10752688172043011
0.9999901289163524
0.1271186440677966
0.1785714285714286
0.9999638310185185
0.9998177842565598
0.9999921875
0.4004772092941353
0.8311416125585601
0.8578804139883685
0.2165150740342793
0.9999745973682873
0.41481810115350487
0.999958905235473
0.8639857531345511
0.17546867855509832
0.2272181390209925
0.08658008658008658
0.9763223118704846
0.2835452362763287
0.9999794989544467
0.10600706713780918
0.12738853503184713
0.9999892832647462
0.4599230996746525
0.1417004048582996
0.9999271030762502
0.9999530428249437
0.999898229187869
0.37230769230769234
0.9999375
0.5402830338048333
0.9512471655328798
0.4732510288065843
0.254897139578723
0.9999271030762502
0.6592813584918049
0.10373443983402492
0.3476635514018692
0.2391304347826087
0.4103576914636822
0.9997724169321802
0.13846153846153847
0.9057483650416172
0.0625
0.1266891891891892
0.9641097818437719
0.343027591349739
0.999968
0.5089447463768116
0.20799457994579945
0.9999941303531179
0.11661442006269591
0.9612097304404997
0.6768953068592057
0.9999530428249437
0.9534809327925747
0.9402573529411764
0.9999847412109375
0.9999142661179699
0.9999832164076399
0.2837821519140201
0.9167074031828799
0.9998779296875
0.26197183098591553
0.15283842794759825
0.9999745973682873
0.5390311758448573
0.08540372670807454
0.9075048866636946
0.9998779296875
0.9999745973682873
0.15444015444015444
0.3142048898767427
0.9736073199800084
0.9878893280632411
0.5987034972542218
0.10288065843621398
0.9998518518518519
0.9285535289775075
0.4449152542372881
0.09741512345679013
0.19157088122605367
0.1956521739130435
0.8664730561437534
0.9999772230320699
0.4500121477162292
0.6249074074074075
0.9999715521165226
0.9999638310185185
0.3256849755595575
0.9997724169321802
0.7219612075807116
0.1336761934673367
0.6027108874176916
0.9999772230320699
0.25367691833766765
0.9998518518518519
0.6047457627118645
0.9048496335272833
0.9998177842565598
0.2882215711805556
0.9999530428249437
0.9999530428249437
0.942721190655075
0.8671220364560581
0.14986795774647885
0.8460691094619668
0.9997724169321802
0.6391080167069436
0.4027446300715991
0.803851503314394
0.20618556701030927
0.9999460101500918
0.9520231834281422
0.9417620063344322
0.7510373905594678
0.9999883381924198
0.06958250497017893
0.8337794203295762
0.09615384615384616
0.31552094522019336
0.9558128544423441
0.22859712230215828
0.266644117481256
0.13071895424836602
0.9999530428249437
0.1460235920852359
0.8868312757201647
0.471957671957672
0.7977124085559797
0.5726559491721216
0.18421155119367527
0.9999908878845313
0.9997106481481481
0.1798223697236548
0.3514723489909594
0.2508169934640523
0.7904556962025315
0.999968
0.9999772230320699
0.10180995475113122
0.9999847412109375
0.1597222222222222
0.20664869721473497
0.3466576332429991
0.9999832164076399
0.16029657477025894
0.9653983353151011
0.33157939889616517
0.10729613733905578
0.9970579684865399
0.2021739130434783
0.9999142661179699
0.23557571176618797
0.2594178082191781
0.9997724169321802
0.1056818181818182
0.12280701754385966
0.9999530428249437
0.9999460101500918
0.7174976260070922
0.11320754716981131
0.9999872786484836
0.2755905511811024
0.999968
0.12658227848101267
0.9741996410902133
0.9997724169321802
0.9402573529411764
0.999968
0.18404907975460122
0.9999715521165226
0.29831387808041504
0.3006535947712418
0.09971509971509972
0.6122448979591838
0.9999814814814815
0.31823120740179767
0.9997724169321802
0.21410349854227406
0.8889091240211255
0.1342960288808664
0.17073170731707316
0.4323630136986301
0.20282186948853617
0.4562523251488096
0.8870551186350308
0.9999892832647462
0.060240963855421686
0.725530458590007
0.9338235294117647
0.999898229187869
0.9999745973682873
0.42592592592592593
0.843460648148148
0.5052448210922788
0.9998518518518519
0.4046762589928057
0.2735294117647059
0.11520737327188939
0.15384615384615385
0.2937943262411348
0.8868715083798883
0.1828286082474227
0.6861254295532646
0.9999142661179699
0.9152846070505875
0.9999772230320699
0.9305728088336784
0.40604426390250736
0.1146788990825688
0.8425952313099648
0.21222787300971413
0.9288765340023053
0.7066276803118908
0.9998518518518519
0.9999921875
0.9998177842565598
0.2669260342088906
0.11673151750972761
0.15174278846153844
0.5193842242779464
0.2771588984938954
0.5267716535433071
0.6463952282157674
0.09615384615384616
0.3560674495633846
0.7836461955560794
0.915072441587593
0.32631578947368417
0.9997724169321802
0.9999794989544467
0.5581118555056565
0.9607966898099446
0.0897226753670473
0.18930041152263377
0.9999638310185185
0.9999892832647462
0.9668802124147365
0.25380291005291006
0.9999638310185185
0.5216699809452063
0.15571163530347207
0.48398122894843654
0.4462853385930308
0.9999883381924198
0.7061918911827072
0.9999375
0.16248252618678308
0.18324607329842932
0.9999530428249437
0.9999892832647462
0.962191031875516
0.8990670059372351
0.9999715521165226
0.20007895492391617
0.23394723743155799
0.3677058353317346
0.999958905235473
0.8156314834024897
0.29817404817404825
0.9999892832647462
0.6869681569285399
0.5923255404135337
0.8127669672520171
0.34573643410852717
0.8379926819333968
0.10408163265306121
0.19383254246878334
0.9998779296875
0.8714960990114107
0.7320235583684951
0.9350897549655314
0.18181818181818182
0.2698663853727145
0.7756521739130434
0.7131446039340777
0.9999745973682873
0.9999375
0.3867222631019541
0.9523115267392859
0.3362573099415205
0.9999921875
0.14705882352941177
0.028328611898016994
0.9252348558471007
0.9999375
0.7970469293708266
0.9520231834281422
0.3772694735472115
0.9999908878845313
0.6682458424282764
0.08561643835616438
0.3157209196964549
0.3602497980488411
0.9999142661179699
0.9997106481481481
0.9999530428249437
0.37551857864357857
0.05190311418685121
0.999958905235473
0.8974388489208632
0.2869318181818182
0.2977594339622642
0.999958905235473
0.9438375737463127
0.45935674173237273
0.4624110201241704
0.999968
0.33525651021362857
0.9338235294117647
0.541305394990366
0.9577777777777778
0.1289074210339847
0.34386200716845877
0.07604562737642585
0.04329004329004329
0.9999794989544467
0.6171940291577677
0.2681418893417874
0.7918120660502932
0.4891304347826087
0.17621145374449337
0.9999927453171021
0.26410723615183007
0.12658227848101264
0.9999847412109375
0.9686199271592091
0.43474533309476954
0.7117065652047382
0.2508395742949363
0.03816793893129772
0.5694117647058825
0.911321053445937
0.9999638310185185
0.21644106034968977
0.9998518518518519
0.19108280254777069
0.999968
0.40502092050209204
0.053763440860215055
0.9995
0.1785339765100671
0.5537625263074387
0.9999872786484836
0.8356874318012416
0.39615846338535415
0.999898229187869
0.9999892832647462
0.6065783259716088
0.0746268656716418
0.5033557046979866
0.933311811240801
0.9999745973682873
0.6668035521790462
0.22560258671369782
0.39703824626865675
0.7450668939511338
0.8693136070853461
0.4393913730803975
0.20379135296858522
0.9999745973682873
0.5112160566706022
0.9999794989544467
0.9999271030762502
0.8193795379537955
0.7880149786976511
0.2665335994677312
0.817434439135319
0.09578544061302684
0.6305601823904938
0.9999860867629463
0.4860906139315231
0.684115682137834
0.9999460101500918
0.34880363780721063
0.9999860867629463
0.9999883381924198
0.16987605135015496
0.9707207207207208
0.8964802846398091
0.9999772230320699
0.4166666666666667
0.2324380165289256
0.999958905235473
0.8622233569316563
0.13157894736842105
0.3209237661234263
0.2508169934640523
0.19047619047619047
0.1385498046875
0.38881565698174697
0.9998518518518519
0.999958905235473
0.20439560439560442
0.2701223960444192
0.19480519480519481
0.09210526315789473
0.43300653594771243
0.1702127659574468
0.6590215215215215
0.11930145192405321
0.16304347826086957
0.15789473684210525
0.9353298611111112
0.9999772230320699
0.9498158237654036
0.9498158237654036
0.15929079341317368
0.746268656716418
0.0640542577241899
0.08293838862559243
0.9999375
0.9999375
0.8868312757201647
0.46368945122407723
0.12396694214876033
0.9999460101500918
0.9597222222222221
0.09615384615384615
0.32751091703056767
0.9019886363636364
0.9204312635086455
0.11494252873563218
0.21127393688753035
0.9999271030762502
0.9494459833795015
0.975664012101259
0.8076868567939997
0.9997724169321802
0.10067114093959734
0.9999142661179699
0.12
0.999898229187869
0.763803680981595
0.684115682137834
0.7084897681487793
0.25145037369989026
0.9734377835745495
0.13440860215053765
0.33461084905660377
0.9999460101500918
0.9999638310185185
0.2158931082981716
0.999968
0.14634146341463414
0.8747244897959184
0.2130027548209366
0.3285451197053407
0.17974028716216214
0.11290322580645162
0.17374517374517376
0.22435897435897437
0.8987666783707864
0.9999530428249437
0.9999142661179699
0.9999638310185185
0.20282186948853617
0.21918774876045333
0.9999832164076399
0.9999375
0.351123595505618
0.24030889600162578
0.9999638310185185
0.12681159420289856
0.9999892832647462
0.9550597278862464
0.13793103448275862
0.9541331684188827
0.9999872786484836
0.30951834990660054
0.9209669062386178
0.9999901289163524
0.218287408370053
0.9999638310185185
0.09202453987730061
0.04166666666666667
0.9697239777453681
0.8393297697368421
0.47459259259259257
0.22435897435897437
0.14438166980539863
0.999968
0.9580182734719597
0.962191031875516
0.9999638310185185
0.9998779296875
0.999958905235473
0.11904761904761903
0.9999814814814815
0.9999745973682873
0.9197099892588614
0.9999638310185185
0.8863364687438761
0.2608695652173913
0.16828548048528838
0.38448275862068976
0.3396739130434783
0.9999937112455507
0.14778325123152708
0.07604562737642585
0.188707729468599
0.6510724566904849
0.9999832164076399
0.999968
0.14705882352941174
0.3438788684022512
0.28276450511945384
0.11278195488721805
0.22516048672990327
0.11160714285714286
0.6918249212671295
0.927279652175833
0.28598729543496987
0.9152846070505875
0.12953367875647667
0.9999142661179699
0.1446280991735537
0.08695652173913043
0.3886449916226592
0.30492146809895837
0.9036144578313254
0.5182786895413891
0.17289184644556546
0.4522719660600647
0.14438166980539863
0.6992084432717678
0.9998177842565598
0.6905406724247304
0.9063588552694488
0.1438298678795755
0.9996243425995492
0.94153913862594
0.09510869565217392
0.12280701754385967
0.9998779296875
0.13392857142857142
0.10695187165775402
0.11061946902654866
0.23373983739837395
0.18072289156626506
0.9999638310185185
0.19308736217133163
0.19682433315899578
0.9999460101500918
0.06042296072507553
0.9677094172736733
0.9730856432384993
0.15927318295739346
0.12552301255230125
0.9070321361058602
0.9149092864490789
0.9171467764060356
0.9999794989544467
0.9134532148945237
0.7378434427919979
0.1002178649237473
0.08368200836820082
0.24493651421290802
0.9999715521165226
0.9999460101500918
0.21754535147392287
0.9999814814814815
0.2474563953488372
0.2127659574468085
0.3170177612556795
0.9999892832647462
0.9999847412109375
0.3054794520547945
0.9999814814814815
0.11821161048689138
0.31320224719101125
0.18315018315018314
0.13401290931989923
0.5522192614653134
0.9999883381924198
0.7464427437641724
0.6836181704515716
0.35769230769230764
0.999958905235473
0.999968
0.19145921878162317
0.9999872786484836
0.9999460101500918
0.9999271030762502
0.7473344749731153
0.08143322475570033
0.4978354978354978
0.9998518518518519
0.9999872786484836
0.4619272516364239
0.9998518518518519
0.999958905235473
0.10903426791277257
0.20167731629392965
0.999958905235473
0.999898229187869
0.9999908878845313
0.8861997310842195
0.9998177842565598
0.9999530428249437
0.515606936416185
0.7870078740157481
0.37162813323176047
0.16197567441135194
0.8878571521464893
0.9287329770235668
0.9999638310185185
0.049668874172185434
0.10989010989010989
0.9999715521165226
0.14112903225806453
0.14778325123152708
0.3081311677631579
0.8046926027030196
0.5160871583065462
0.9998779296875
0.30414094650205764
0.6650899331797726
0.10989010989010989
0.8802156075418994
0.9999937112455507
0.9999530428249437
0.0851063829787234
0.9641097818437719
0.999898229187869
0.08663366336633664
0.9999715521165226
0.9999772230320699
0.2561186917912065
0.9999715521165226
0.999958905235473
0.22877646579804561
0.9677094172736733
0.30739848723887525
0.999958905235473
0.17193100358422939
0.2237676056338028
0.7279754852365612
0.3140547263681593
0.16460905349794241
0.17241379310344826
0.9999715521165226
0.11331444759206798
0.9455678670360111
0.5992731721358664
0.999958905235473
0.9323088358864974
0.0974025974025974
0.09950248756218907
0.9997724169321802
0.921397492521638
0.484698313336811
0.19726562499999997
0.3266285853184248
0.21276595744680854
0.1865671641791045
0.9999892832647462
0.8459904964695906
0.18866764995083576
0.1722568192578026
0.9999832164076399
0.13457556935817805
0.39335664335664333
0.47691416992328844
0.9430309734513275
0.9999921875
0.9999375
0.9588523385000881
0.9998779296875
0.651054539462844
0.9999883381924198
0.10447761194029849
0.9999860867629463
0.9998177842565598
0.9256343807364216
0.7155126140633387
0.16544117647058823
0.14440433212996387
0.6136973180076629
0.999958905235473
0.999898229187869
0.9999745973682873
0.8868715083798883
0.1785112359550562
0.2606477373558119
0.4254087864460205
0.9997106481481481
0.2697922667050691
0.04854368932038835
0.18704707188091663
0.9999460101500918
0.999898229187869
0.5144032921810698
0.06666666666666667
0.09652509652509653
0.16826923076923078
0.15184381778741865
0.3340595497458243
0.2890331890331891
0.21196816651362108
0.6772187016324506
0.9999872786484836
0.21112351190476192
0.9675985663082438
0.8767943262411348
0.9999638310185185
0.9998177842565598
0.6327901234567903
0.9997106481481481
0.999958905235473
0.9998518518518519
0.3570569641998213
0.48400673400673394
0.3817972350230414
0.4965100843574702
0.1648351648351648
0.999958905235473
0.9999794989544467
0.9987661145440546
0.9999638310185185
0.9997106481481481
0.7282451142100265
0.9999142661179699
0.2716701711136891
0.16917293233082709
0.7407361837771536
0.9999638310185185
0.9653413089373681
0.17126604975165394
0.32802389248382274
0.091324200913242
0.5504317111459968
0.9653983353151011
0.9358416327957281
0.999958905235473
0.05830903790087463
0.9999847412109375
0.9999908878845313
0.2137931034482759
0.15267175572519082
0.9999271030762502
0.12850467289719628
0.9999715521165226
0.12359098228663448
0.1643192488262911
0.999958905235473
0.8993793595869721
0.6925652472527472
0.9999883381924198
0.9935730675845139
0.8860699694786494
0.9999375
0.32841435185185186
0.13227513227513227
0.283969465648855
0.2856334841628959
0.1785714285714286
0.9999794989544467
0.13422818791946306
0.9999142661179699
0.9251259259259259
0.19206706706706708
0.40729927007299277
0.2272947093529355
0.9706376668314384
0.9990234375
0.6492989417989419
0.14150943396226418
0.18078966479379277
0.20439560439560442
0.7389047619047621
0.9350897549655314
0.9616075811768006
0.21700988087542714
0.9455678670360111
0.27751091703056774
0.9999814814814815
0.12526096033402923
0.8444148936170213
0.30375325327610614
0.9999772230320699
0.24073812217194565
0.9964067678353393
0.1327433628318584
0.8026752788657551
0.956930322966507
0.41059209700547333
0.951147423390875
0.9999860867629463
0.9999142661179699
0.2059849704777241
0.29733333333333334
0.9295208362896741
0.18409385813148788
0.46495066495066484
0.20053908355795147
0.9686199271592091
0.521095960895292
0.9761338205716552
0.4072580645161291
0.17741935483870966
0.9541420118343195
0.49684697034977093
0.48342349840477183
0.2550002695563104
0.10135135135135134
0.41952617736500364
0.2888636363636363
0.3388048510138881
0.08676789587852494
0.3020334928229665
0.15837104072398192
0.05333333333333333
0.999898229187869
0.9530308364237272
0.9999271030762502
0.1310861423220974
0.18029768298296767
0.9999271030762502
0.14791963296946684
0.13559322033898302
0.9737907521841039
0.9999883381924198
0.7898229187868918
0.29733333333333334
0.11718749999999999
0.9999375
0.9998177842565598
0.9418492887351019
0.13422818791946312
0.9998779296875
0.36753281824845424
0.9998518518518519
0.9999142661179699
0.9998518518518519
0.3865979381443299
0.18023167200121937
0.9999142661179699
0.9999772230320699
0.5478036175710593
0.14231211772542846
0.16539440203562342
0.8519212282614195
0.9814814814814815
0.9999883381924198
0.9999375
0.9999772230320699
0.36947746131419595
0.07990867579908675
0.9999715521165226
0.8337794203295762
0.17587939698492464
0.24505108556832692
0.9999271030762502
0.36003080477474003
0.42720073103868417
0.21870809636103017
0.9999772230320699
0.503954802259887
0.9239012900556642
0.9999860867629463
0.863532298663024
0.1394422310756972
0.9130060292850991
0.33848417954378224
0.44570440130693834
0.21406727828746175
0.8929818435754192
0.17509727626459146
0.18072289156626506
0.9999142661179699
0.9998779296875
0.9998779296875
0.9580182734719597
0.14204545454545453
0.9999872786484836
0.9580182734719597
0.270023103581055
0.740816326530612
0.1731378471966404
0.1811834359412214
0.17857142857142858
0.9999638310185185
0.322495735854619
0.9999745973682873
0.952372274175744
0.9997106481481481
0.8959851457399103
0.1739130434782609
0.8320844455503776
0.7029169878082959
0.9011341222879685
0.09107468123861567
0.9999271030762502
0.33157939889616517
0.3934779953588731
0.9324160609207339
0.6469878399702961
0.16893939393939394
0.9479364030187347
0.9999638310185185
0.05747126436781609
0.3779940119760479
0.2575278577688744
0.9999832164076399
0.13986013986013984
0.5426855223452856
0.9999375
0.9999847412109375
0.9627438088976551
0.14124293785310735
0.12437810945273632
0.6416788499025341
0.999968
0.15463917525773194
0.14705882352941177
0.48716173023652254
0.9661315893777249
0.2899352861035422
0.9455678670360111
0.9150464919695689
0.17330008143322476
0.9998518518518519
0.9209669062386178
0.9998177842565598
0.9999745973682873
0.9730690861558572
0.47365214742613465
0.9999883381924198
0.9999530428249437
0.14683094312105005
0.9999460101500918
0.21551724137931033
0.7113734939759035
0.5462473055065648
0.4977876106194691
0.999898229187869
0.2202065815426139
0.7668915306195195
0.7820719269994632
0.17412935323383086
0.297519041218638
0.9999715521165226
0.8001113677271942
0.49773022049286647
0.9430309734513275
0.9999860867629463
0.8158295791395221
0.10791366906474821
0.9999142661179699
0.9999860867629463
0.9998177842565598
0.14714452214452214
0.17342032967032964
0.9138854782899878
0.9997106481481481
0.9999638310185185
0.9999932512687615
0.9999915709974881
0.4758883248730964
0.17064220183486237
0.999958905235473
0.999968
0.7303493939542243
0.10273972602739725
0.7024909966930633
0.9999530428249437
0.9999832164076399
0.7958114604223193
0.9999745973682873
0.8136360012755102
0.9808051962708736
0.3141154273998299
0.9612097304404997
0.35830999066293184
0.9999872786484836
0.11363636363636363
0.1692019400352734
0.6965034965034966
0.9558128544423441
0.9498158237654036
0.9541331684188827
0.9095005580357143
0.6447545219638244
0.16464471403812825
0.13902365577006726
0.11257953989231523
0.9906187178914452
0.9999271030762502
0.13312797000740262
0.1146788990825688
0.9156937884324036
0.843382674920793
0.9117494031952009
0.16878342245989303
0.9999638310185185
0.1194366635543106
0.24444444444444446
0.8503502918738344
0.6260576132338057
0.12765957446808512
0.5555555555555556
0.9997106481481481
0.290625
0.9999745973682873
0.308641975308642
0.999898229187869
0.9998779296875
0.162037037037037
0.9999271030762502
0.9999860867629463
0.3145324063691411
0.1509501187648456
0.7918595679012346
0.9785131875417945
0.9221754807692308
0.4033485540334856
0.9999530428249437
0.11695906432748539
0.2671439232704055
0.18538647342995168
0.9999927453171021
0.9998518518518519
0.9999847412109375
0.9523707459664249
0.21866096866096862
0.8499179978469918
0.9999638310185185
0.23027663934426232
0.10974389755902358
0.2365491651205937
0.35661741188511487
0.3875155472636816
0.7687074829931974
0.091324200913242
0.19607843137254904
0.9999142661179699
0.9999832164076399
0.8449884792626728
0.9999142661179699
0.35967741935483877
0.07075471698113209
0.3142284951363723
0.27972179583907864
0.9999794989544467
0.2601825181037499
0.08474576271186442
0.2032786885245902
0.9997724169321802
0.943675509419454
0.24646756583172771
0.9999638310185185
0.9999715521165226
0.2848830973830974
0.6089882761615284
0.33844765342960287
0.4267310789049919
0.9997724169321802
0.9999832164076399
0.6327160493827161
0.1366120218579235
0.9999460101500918
0.8470892137096774
0.9999794989544467
0.9115538278803585
0.1282051282051282
0.9999832164076399
0.13392857142857142
0.567168695019309
0.45727146814404435
0.6768953068592057
0.4042296072507553
0.9675985663082438
0.18333333333333335
0.7407361837771536
0.996107491939117
0.12881839543470963
0.7077333333333333
0.9999271030762502
0.11583011583011583
0.18919159544159544
0.11589403973509935
0.2134146341463415
0.1764705882352941
0.19230769230769232
0.29493663413098237
0.1048951048951049
0.9999832164076399
0.946304132008366
0.27479091995221033
0.5635887028581092
0.9999715521165226
0.9999530428249437
0.13513513513513514
0.42185166749626685
0.47902549841369324
0.9999638310185185
0.23381642512077297
0.9999892832647462
0.3350131021971377
0.798628214588012
0.9350897549655314
0.999898229187869
0.22682926829268296
0.892981843575419
0.9999883381924198
0.14634146341463414
0.2837053571428571
0.9999460101500918
0.9999271030762502
0.20833333333333334
0.9999860867629463
0.9224489795918368
0.14583333333333334
0.9597222222222221
0.9999715521165226
0.5101307189542483
0.9698797815946139
0.12755102040816327
0.9998177842565598
0.7155126140633387
0.18987341772151897
0.45442348008385747
0.0
0.7753299276287783
0.9742879465871156
0.25157232704402516
0.2607089412644968
0.9323229503997309
0.18084490740740744
0.9999715521165226
0.9438261321157336
0.13574660633484162
0.7481974271189957
0.17543859649122806
0.9999832164076399
0.9933426414941622
0.14037735849056604
0.7023723194861701
0.1142857142857143
0.33075299085151305
0.15873015873015875
0.9278581994928149
0.9999814814814815
0.18072289156626503
0.999898229187869
0.7757267080745341
0.9999460101500918
0.7023098072535299
0.45968687495689364
0.15502863645691473
0.2775288729589805
0.9346062221063239
0.19483024691358025
0.9999715521165226
0.021978021978021976
0.6809597998253193
0.7089463814704913
0.12577843330055719
0.3758169934640523
0.9675985663082438
0.9565200158541418
0.13196480938416424
0.1536413555937656
0.9197099892588614
0.9668802124147365
0.07142857142857142
0.4770992366412214
0.7600760456273764
0.8783481031564273
0.8580363745754003
0.9999847412109375
0.3418803418803419
0.32363281250000003
0.4758165829145729
0.14544930875576037
0.9999860867629463
0.36461718445339925
0.9476693051890941
0.5095984981529704
0.9999530428249437
0.999958905235473
0.48677248677248686
0.3981915389859701
0.8954831932773109
0.2787280701754386
0.11337868480725624
0.10460251046025104
0.05756578947368421
0.5065920173379086
0.8694906661895389
0.5319148936170213
0.18299952312827847
0.9999794989544467
0.3680555555555556
0.682492814488224
0.16535794474836565
0.9999142661179699
0.7281765541352564
0.11176641910586863
0.2738990332975295
0.16129032258064518
0.20634297430528292
0.4275862068965517
0.2676258992805755
0.40917431192660547
0.2709227467811159
0.9998518518518519
0.7904761904761904
0.37878787878787884
0.14598765432098768
0.6211168934117803
0.9998779296875
0.83933266558157
0.2142857142857143
0.3198841698841699
0.8391868512110726
0.16806722689075632
0.17513272390286808
0.2971336963431825
0.9999921875
0.15748031496062992
0.9985422740524781
0.9999142661179699
0.15555555555555556
0.15267175572519087
0.8076868567939997
0.8910426443582943
0.9999921875
0.15511115160349853
0.10610079575596816
0.7135981308411216
0.7284283424908425
0.23358024691358026
0.9197099892588614
0.9998518518518519
0.36461718445339925
0.16597510373443983
0.04504504504504504
0.9998177842565598
0.9433787561146052
0.7880508245471749
0.8593346461776858
0.7316887297816737
0.9998779296875
0.9467186484730344
0.11864406779661017
0.19753901560624246
0.9512471655328798
0.26508313539192396
0.7450668939511338
0.9999908878845313
0.9999460101500918
0.999898229187869
0.2608695652173913
0.9999847412109375
0.9997106481481481
0.9743028371641741
0.08
0.41967780788918996
0.09259259259259257
0.6811771117166213
0.1596962130669996
0.7455363526792097
0.47903680300572116
0.46875
0.08361204013377928
0.8795704845814978
0.47672788208337613
0.9999271030762502
0.999898229187869
0.1073345259391771
0.7407361837771536
0.8412698412698414
0.8069526627218935
0.9998779296875
0.09668508287292817
0.24030889600162583
0.9999794989544467
0.9998518518518519
0.9999932512687615
0.15822784810126583
0.9998177842565598
0.502625512295082
0.8000647745449257
0.15570934256055363
0.13962170233947235
0.1785339765100671
0.7916857086896911
0.9999375
0.7359965262700824
0.36672545561434455
0.38265306122448983
0.999958905235473
0.9998177842565598
0.9999832164076399
0.9999375
0.3799788728018393
0.999958905235473
0.9999860867629463
0.11940298507462685
0.9999921875
0.28252862237237236
0.9998779296875
0.29356357927786497
0.8443783783783784
0.9999745973682873
0.9304835924006909
0.9999847412109375
0.14285714285714285
0.9962556697683386
0.7432835820895523
0.39473684210526316
0.9505064600559571
0.2509581367924528
0.4787832622384725
0.9998518518518519
0.2182917417031129
0.9595692307692307
0.17884814049586778
0.15246752409502629
0.3333333333333334
0.08532739751437583
0.18115942028985507
0.12269938650306748
0.9999460101500918
0.999958905235473
0.3094025330396476
0.2486127336448598
0.3350131021971377
0.8127133105802049
0.3444444444444445
0.15166501813386088
0.9999375
0.9112861570247933
0.16533333333333333
0.7126322751322753
0.29602450840695355
0.9999460101500918
0.7992514792483026
0.28830474843323317
0.09411764705882351
0.500416050295858
0.9612923076923077
0.999958905235473
0.7878444388777556
0.41941133751975734
0.36268221574344023
0.09722222222222222
0.9999814814814815
0.2628968253968254
0.9999860867629463
0.29543994861913936
0.9999814814814815
0.9999892832647462
0.14705882352941177
0.970515099053086
0.3620328608247423
0.9999772230320699
0.9648048802753747
0.749915816604257
0.9999271030762502
0.9999847412109375
0.26976495726495725
0.45968687495689364
0.11182108626198081
0.320959595959596
0.5733608133063575
0.867891578118851
0.9999460101500918
0.9189499016861397
0.1639344262295082
0.1457725947521866
0.9999460101500918
0.3967213114754098
0.09677419354838708
0.541305394990366
0.618333270228314
0.2958984375
0.15
0.23809523809523808
0.943675509419454
0.8782815776240762
0.15128254333781108
0.9999375
0.9999530428249437
0.7131612975768821
0.9999772230320699
0.9999794989544467
0.8604479527660119
0.9668802124147365
0.6912430790451504
0.18144208037825058
0.9999375
0.3216222452982577
0.1388888888888889
0.9999271030762502
0.16103316326530612
0.1639344262295082
0.2505050505050505
0.9995
0.4901960784313726
0.2813953488372093
0.111731843575419
0.5581364124597207
0.962768296973962
0.9999638310185185
0.18749999999999997
0.12658227848101267
0.9997724169321802
0.9999460101500918
0.23224786282551763
0.9576628310661806
0.16129032258064516
0.4121388815266366
0.9999883381924198
0.9304835924006909
0.9999847412109375
0.6520769528113943
0.4330097087378641
0.5245403946702647
0.9999814814814815
0.3120157541322313
0.9999745973682873
0.944722371521892
0.6595477386934674
0.18292682926829268
0.3112327656123276
0.4579591836734694
0.09966777408637874
0.9999142661179699
0.9454877412623891
0.24230316069873475
0.4599230996746525
0.5027027027027028
0.9999271030762502
0.09202453987730061
0.42414407534682447
0.9998177842565598
0.3040178571428572
0.9215914121292607
0.9561624146604384
0.730446952037861
0.9999883381924198
0.43061875051085735
0.9999638310185185
0.19650655021834065
0.9520129236204731
0.2882420091324201
0.4395761741122566
0.15873015873015872
0.13605442176870747
0.999968
0.14184983991078176
0.1206896551724138
0.12691570881226052
0.22435897435897437
0.2778670379891459
0.6864226910213532
0.999958905235473
0.2820861678004535
0.12295081967213113
0.1727374188311688
0.140625
0.8757427021441488
0.4265202702702703
0.839329769736842
0.9595692307692307
0.9997106481481481
0.6400966183574881
0.9999883381924198
0.9385358375257365
0.8126534093272871
0.8795704845814978
0.3647665962936899
0.7950797676072401
0.9728895562228896
0.7233093514518794
0.8889989685684816
0.6641348509661651
0.11772151898734177
0.9197099892588614
0.36711973225872546
0.13986013986013987
0.17716535433070868
0.700152207001522
0.799931412894376
0.9999772230320699
0.7513543782882743
0.32794621848739497
0.39267015706806285
0.21312066324231776
0.962191031875516
0.22208955223880594
0.14124293785310735
0.12027491408934708
0.8582238152130626
0.9997724169321802
0.9999847412109375
0.9062042463962904
0.6562423207749712
0.9997106481481481
0.9999715521165226
0.9998518518518519
0.24935022742040283
0.5359848484848485
0.9999872786484836
0.9990234375
0.13671875000000003
0.9999142661179699
0.05836575875486382
0.3626016260162602
0.9998518518518519
0.23648949430199437
0.23809523809523808
0.5789955121058801
0.999898229187869
0.11904761904761904
0.5813435943086045
0.14023153120897483
0.5681818181818182
0.999968
0.19209697301739487
0.23910984848484848
0.12437810945273632
0.9536471433704636
0.29368421052631577
0.13513513513513511
0.18771331058020477
0.2427884615384616
0.13245033112582782
0.9999860867629463
0.9999142661179699
0.1974022633744856
0.23249999999999998
0.2599197573766348
0.3967420301453914
0.5165692007797271
0.9999530428249437
0.8012409584060382
0.9467186484730344
0.2725328947368421
0.9597222222222221
0.20067031521785247
0.9999142661179699
0.9999460101500918
0.11904761904761905
0.9565200158541418
0.33954918032786885
0.8965176098140086
0.15396341463414634
0.20642201834862386
0.23671874999999998
0.9999715521165226
0.23884215848501564
0.9999872786484836
0.128719723183391
0.48952847267939437
0.2578450735132763
0.10752688172043011
0.19077134986225897
0.3057650862068965
0.8508175728920409
0.4343807996449608
0.9999814814814815
0.20920502092050208
0.7870078740157481
0.11811023622047244
0.4239424908130146
0.2595708221365424
0.9999832164076399
0.7649769854208573
0.9772230320699709
0.9999832164076399
0.1886018860188602
0.9999883381924198
0.27158527954706296
0.18956199080422684
0.9206548116322552
0.9999460101500918
0.12820512820512822
0.11029411764705883
0.24226641414141412
0.8158452060069312
0.15695067264573995
0.1943462897526502
0.9697239777453681
0.891542183883863
0.14516129032258066
0.40977534911961144
0.9999460101500918
0.23965371621621623
0.3454748376623377
0.10714285714285714
0.06802721088435375
0.1388888888888889
0.9999271030762502
0.33075299085151305
0.013736263736263736
0.9686199271592091
0.9779173376274826
0.9541331684188827
0.17376515823720795
0.3289473684210526
0.11524024024024025
0.234375
0.20517884573184114
0.32051282051282054
0.1647155572755418
0.15957446808510636
0.666209419295839
0.520408163265306
0.9999814814814815
0.5736320621570287
0.5639097744360901
0.24575728466218377
0.07911392405063292
0.14705882352941177
0.5367768595041322
0.5883905013192613
0.8005067261868855
0.2940924312111676
0.1372549019607843
0.3677058353317346
0.1941747572815534
0.21754535147392287
0.9592919662775996
0.9999794989544467
0.08152173913043478
0.9998177842565598
0.16736401673640167
0.26980740740740744
0.6068965517241379
0.943675509419454
0.11111111111111112
0.9999375
0.6526761648055449
0.8652871086322728
0.999968
0.9999872786484836
0.31857142857142856
0.831743876139323
0.9999638310185185
0.9999892832647462
0.2720905172413793
0.8145851986561194
0.6319156425521495
0.999958905235473
0.9714965986394558
0.5392116009667471
0.943675509419454
0.9580182734719597
0.9999901289163524
0.9999772230320699
0.5539991353220926
0.24411302982731553
0.4133925375424003
0.2526416366906475
0.21897810218978103
0.9999772230320699
0.12195121951219513
0.999968
0.9999814814814815
0.2560900637823715
0.479546725021815
0.19080473098330236
0.638678683152093
0.17212452619151183
0.999968
0.10152116402116404
0.9999460101500918
0.7450668939511338
0.9999638310185185
0.2728365384615385
0.24405103211009171
0.9999638310185185
0.7114285714285713
0.14950166112956811
0.21213377556661137
0.6047457627118644
0.2837256821761525
0.9999460101500918
0.2876628038149933
0.1276595744680851
0.4444444444444444
0.9999271030762502
0.9999530428249437
0.1743970315398887
0.5506427481344855
0.9999927453171021
0.9999375
0.9999530428249437
0.15267175572519087
0.9635765283355645
0.05067567567567568
0.2232142857142857
0.9342609097511058
0.11645962732919254
0.756895648942639
0.841498509712563
0.7313644688644689
0.46464646464646464
0.7144165358451072
0.9485714285714285
0.6768837803320561
0.06802721088435375
0.7251826803482588
0.9091899723432142
0.5495609352697812
0.1377952755905512
0.9999745973682873
0.9999460101500918
0.26501980633802813
0.16886400577930286
0.15200892857142856
0.2564662228527775
0.14526134758307233
0.17793687290969898
0.136986301369863
0.999958905235473
0.3234782608695652
0.9324160609207339
0.2572874493927125
0.25241675617615467
0.17291066282420747
0.14583333333333334
0.2428313097390855
0.9998177842565598
0.8930992341534952
0.999958905235473
0.999958905235473
0.20599250936329588
0.24790051679586564
0.6127590862901766
0.3234782608695652
0.9640897511267882
0.999898229187869
0.21326013513513511
0.9999872786484836
0.3702912514779162
0.7090650753054846
0.9999883381924198
0.3292035398230088
0.9998779296875
0.10526315789473685
0.9999772230320699
0.18092648861879626
0.13671875000000003
0.7766272189349112
0.12448132780082988
0.9999745973682873
0.8639857531345511
0.2755555555555556
0.30030638911417507
0.18058252427184468
0.5173516711978249
0.4125589629791311
0.5076628352490421
0.09389671361502347
0.9999638310185185
0.9629141566265061
0.08495145631067962
0.9019776982958133
0.11267605633802819
0.943675509419454
0.3605769230769231
0.23717452951791698
0.9230680811144525
0.37286931818181823
0.4987357469561296
0.12906846240179573
0.9372799371991273
0.6276069453875255
0.35482049888138495
0.9086982556370311
0.8322565346786444
0.9999638310185185
0.4586362062997577
0.9949626865671642
0.13071895424836605
0.9999921875
0.7480359147025815
0.09722222222222222
0.9706376668314384
0.8698689956331879
0.23466542750929364
0.19138755980861244
0.4883227176220807
0.2333124084536514
0.1308139534883721
0.9999638310185185
0.11976047904191617
0.7649769854208573
0.8399159663865547
0.9750487134071245
0.6564754659707184
0.9985422740524781
0.13480392156862744
0.1413427561837456
0.3242501056189269
0.9519047619047619
0.6904893519210538
0.15151515151515152
0.7071070902587839
0.4862379454633379
0.999898229187869
0.968509899456553
0.3668261562998405
0.999958905235473
0.16540812657317513
0.6061527237354084
0.9564593301435406
0.10670731707317073
0.44139534453750445
0.1075268817204301
0.6725963386863042
0.8581140031990693
0.9999375
0.3403945410215002
0.45881485124170146
0.946304132008366
0.9694386341794335
0.2485236220472441
0.959191248717221
0.46875
0.14619883040935674
0.09493670886075949
0.0847457627118644
0.0857843137254902
0.9998518518518519
0.9999142661179699
0.9666493580060425
0.9999460101500918
0.18322475570032573
0.9999375
0.3274703557312253
0.966508125247721
0.7519964507542148
0.9999892832647462
0.6360336501012618
0.21941752699812533
0.17374517374517373
0.2345018450184502
0.943675509419454
0.9999872786484836
0.8174266896002014
0.20851818988464954
0.9987661145440546
0.9561624146604384
0.44510415822323096
0.13215859030837002
0.21505376344086022
0.9336667640186915
0.9774353701479207
0.29126826803482586
0.09090909090909091
0.9999794989544467
0.1851851851851852
0.9998779296875
0.28425925925925927
0.9686199271592091
0.9420210132570548
0.14453860640301316
0.9998779296875
0.9685623872475084
0.3274703557312253
0.11821161048689137
0.9999883381924198
0.5818423092980258
0.608542195431472
0.9245562130177515
0.22207754629629634
0.9998518518518519
0.11560693641618497
0.1791530944625407
0.16178266178266176
0.9999872786484836
0.5321821036106751
0.9768548519180511
0.4692252391749156
0.7043639007350008
0.9999460101500918
0.9999271030762502
0.6479536258948024
0.3117731257827877
0.6852500350189102
0.37500485003686024
0.9999872786484836
0.9999460101500918
0.12875536480686695
0.6412147183497047
0.9999460101500918
0.3733497334973349
0.6253071517657677
0.5090497737556561
0.22560258671369784
0.10526315789473684
0.6028724350736466
0.24617067833698028
0.6215765847106194
0.9999921875
0.11688311688311688
0.999968
0.7436961206896552
0.9489474396396744
0.9999745973682873
0.999958905235473
0.6751671346913175
0.20833333333333331
0.5579328505595786
0.9999814814814815
0.9999921875
0.20734730673878748
0.2902144542873756
0.24353789344118165
0.9612923076923077
0.8174266896002014
0.43836805555555564
0.13777777777777778
0.9999794989544467
0.0
0.999898229187869
0.2842563454016057
0.15337423312883436
0.09523809523809525
0.479607250755287
0.07547169811320754
0.1453637295081967
0.9997724169321802
0.9998518518518519
0.9714965986394558
0.2139013250124361
0.24793629921835048
0.4077646683673469
0.03703703703703704
0.9999715521165226
0.9999883381924198
0.7630219663135837
0.9997724169321802
0.22203325774754346
0.9999530428249437
0.45702376599634364
0.9999715521165226
0.20901416122004357
0.999898229187869
0.9033109218934178
0.8021716492563012
0.9999927453171021
0.17332881662149954
0.16449683321604502
0.09652509652509653
0.9595692307692307
0.7229317973119627
0.9641097818437719
0.34242368404889134
0.12626262626262627
0.21627286585365854
0.9612923076923077
0.8271380636257909
0.9475473394392313
0.09740259740259741
0.17547169811320754
0.921397492521638
0.7044628634010356
0.9999932512687615
0.920619926199262
0.18703784254023484
0.44375889890840053
0.5096834179970973
0.12281128404669259
0.8910426443582943
0.3890041493775933
0.4619095080487438
0.8795704845814978
0.9998779296875
0.40729927007299277
0.8289241622574957
0.9999460101500918
0.2820785266140458
0.20282186948853617
0.7674501424501425
0.09433962264150944
0.044642857142857144
0.999958905235473
0.9927268779852366
0.9352251926269635
0.22441520467836257
0.2199546159590969
0.31227305737109656
0.8802482816562733
0.7668915306195195
0.4332060592966828
0.29600369600369597
0.3765641672325153
0.31395739282916085
0.9999832164076399
0.9999832164076399
0.9999715521165226
0.9999142661179699
0.9999375
0.06517690875232775
0.9999745973682873
0.999898229187869
0.8461914490918891
0.9999271030762502
0.20278410528980007
0.15834263392857142
0.20329507566446697
0.7090104560342654
0.9999772230320699
0.11682242990654206
0.8924731182795699
0.9999530428249437
0.06893382352941176
0.14644351464435146
0.24491268581324863
0.16434402812345655
0.11208576998050682
0.8359188888035042
0.9595692307692307
0.943675509419454
0.19569715998287424
0.7942949907235621
0.17793594306049823
0.9714965986394558
0.2175438596491228
0.11450381679389313
0.125
0.5507267027643203
0.9999142661179699
0.3703703703703703
0.7395194476017967
0.17006802721088435
0.2568607764390897
0.9998177842565598
0.5268075916773952
0.999898229187869
0.11986301369863016
0.9999832164076399
0.9999794989544467
0.9998779296875
0.365270902090209
0.3570086937855533
0.9999745973682873
0.2542841348811498
0.2981307892839314
0.26875538947973554
0.29105043610163067
0.13769363166953527
0.5684255684255682
0.4902366863905326
0.9998177842565598
0.3324983598735612
0.6868594590053763
0.21601848286484404
0.22790450494644757
0.4426877058406637
0.9999638310185185
0.9494876605570789
0.21066774831415094
0.9999794989544467
0.19313304721030042
0.3686761229314421
0.843460648148148
0.19016680985108822
0.15396341463414634
0.999968
0.3299120234604106
0.7597260031324582
0.9301190043604652
0.32538659793814434
0.1256281407035176
0.9999872786484836
0.1996013951170902
0.39793013234841484
0.8948175104631747
0.5256980781456305
0.1360146252285192
0.267478813559322
0.5173050847457628
0.10169491525423728
0.6169041450777202
0.18058252427184468
0.9997106481481481
0.29679040989945865
0.07288629737609328
0.9331632653061225
0.283471173438811
0.2856896551724138
0.9999715521165226
0.8174266896002014
0.9998779296875
0.12589928057553956
0.847322142286171
0.7325152283135477
0.9999921875
0.9999460101500918
0.1371951219512195
0.7779153963414634
0.13245033112582782
0.29788312840664216
0.9189035790598291
0.14666417025525805
0.9324160609207339
0.9597222222222221
0.7104852601199739
0.9999142661179699
0.999968
0.10447761194029852
0.9999530428249437
0.9998177842565598
0.774098089737171
0.26502267573696137
0.18157142857142858
0.06868131868131869
0.5078477584996489
0.11013215859030837
0.7619592373438526
0.46668667466986796
0.9999715521165226
0.9999892832647462
0.9999832164076399
0.2736196319018405
0.10115606936416187
0.20851818988464954
0.4802322984141166
0.25119401640082906
0.9999860867629463
0.21146616541353386
0.3328659188034188
0.2488193679652063
0.8512060390414594
0.05586592178770951
0.6910594315245477
0.17361111111111113
0.12640449438202245
0.9997724169321802
0.18687791996749947
0.999958905235473
0.9665949820788531
0.3398395721925134
0.13793103448275862
0.31804727560762075
0.9998177842565598
0.9999142661179699
0.9573996883675682
0.9999142661179699
0.21978021978021975
0.09398496240601503
0.9999271030762502
0.7985472036123585
0.11481481481481481
0.174378453038674
0.9707892049772037
0.1282051282051282
0.17967711301044634
0.5655254337957661
0.978842585985443
0.3318903318903319
0.1524188204108681
0.9999375
0.9139100932994064
0.0900900900900901
0.9999638310185185
0.999958905235473
0.9999901289163524
0.31395739282916085
0.1149425287356322
0.14709083558789687
0.5770573644057196
0.22233201581027665
0.9355587965213634
0.9999271030762502
0.36297896318557477
0.15366430260047279
0.4169153197708699
0.9999375
0.6652276295133439
0.200859291084855
0.9999460101500918
0.10230179028132992
0.0
0.20134228187919462
0.6764557569089608
0.9999460101500918
0.07547169811320756
0.10362694300518135
0.05399568034557235
0.2308555868724024
0.9612923076923077
0.9999908878845313
0.1660714285714286
0.2032168799723279
0.23264964832029908
0.999958905235473
0.8385899814471245
0.47544888888888887
0.9467186484730344
0.1234567901234568
0.19141566265060236
0.2362521363225093
0.9999375
0.9999860867629463
0.6036363636363636
0.999958905235473
0.9634869596284387
0.27261444729642054
0.4778571428571429
0.08695652173913045
0.26380137308379564
0.0967741935483871
0.8714090731834137
0.6764006791171476
0.2664930555555556
0.9996243425995492
0.9580182734719597
0.9999794989544467
0.12016718913270637
0.2413552405498282
0.14516129032258066
0.5515785989158769
0.18290201822916669
0.9999745973682873
0.9999772230320699
0.1950354609929078
0.09966777408637875
0.9999142661179699
0.9999794989544467
0.22084983861502347
0.7601031533590128
0.13888888888888887
0.96875
0.14714452214452214
0.15358361774744028
0.9597222222222221
0.20855379188712525
0.11217948717948717
0.9154852410540383
0.9999715521165226
0.17962241076205765
0.7764030840953917
0.5152354570637119
0.3993950760777684
0.10964912280701752
0.26920047660399454
0.390460258830988
0.5247340425531914
0.1377952755905512
0.2382060831781502
0.999898229187869
0.1282051282051282
0.824175824175824
0.8918539325842695
0.32751091703056767
0.9362842126817282
0.050847457627118633
0.999958905235473
0.9999832164076399
0.9999715521165226
0.3472885097243765
0.7295968534906588
0.9714965986394558
0.9999872786484836
0.7709557097727764
0.1001235567295812
0.16908163265306123
0.9324160609207339
0.266533240515141
0.8568997249213354
0.2581803469377434
0.566959422657952
0.08130081300813008
0.11652542372881354
0.8741171027604997
0.07853403141361255
0.6526898734177214
0.47920792079207913
0.3655640373197625
0.24121066054335916
0.9026703423304805
0.7316887297816737
0.13029315960912052
0.2855369335816263
0.9999908878845313
0.9999460101500918
0.9999832164076399
0.1837028824833703
0.42522154055896394
0.7584184885931559
0.6640538468092358
0.24927271021021025
0.9999142661179699
0.3932855259349776
0.9999530428249437
0.9022414348739263
0.9999814814814815
0.3012771739130435
0.8896872920825016
0.5756578947368421
0.5840943683409437
0.7428360101437025
0.22012078830260645
0.33030987231392084
0.1422319474835886
0.35537190082644626
0.9999794989544467
0.8833333333333334
0.28048659548444677
0.5507661225258176
0.06711409395973154
0.5605814582850073
0.1692394578313253
0.469957729468599
0.8940441969098096
0.5859464101222344
0.37929253348532344
0.7432835820895523
0.3647058823529412
0.1366120218579235
0.07722007722007722
0.21882352941176467
0.22156106641845622
0.9240296296296295
0.0
0.13641826923076922
0.9999847412109375
0.9997724169321802
0.17964071856287425
0.9999271030762502
0.423572744014733
0.467479674796748
0.36734104046242777
0.7819108035371012
0.24000000000000005
0.1678207226488732
0.9728895562228896
0.6807578433785525
0.9999460101500918
0.15209125475285173
0.24505108556832697
0.30488227146814406
0.8884241649495596
0.1673210937776363
0.24221809936095648
0.5632553011416958
0.9998177842565598
0.1938131313131313
0.15089163237311387
0.9547651693369896
0.9999715521165226
0.41929499072356213
0.9999794989544467
0.9999271030762502
0.63744
0.240654407321074
0.9999142661179699
0.9653983353151011
0.081799591002045
0.9999745973682873
0.3002738654147105
0.9999892832647462
0.1505016722408027
0.36488945908046666
0.5536899964473605
0.9998518518518519
0.03067484662576687
0.22401315789473683
0.30674846625766866
0.9653413089373681
0.999958905235473
0.9999814814814815
0.9999638310185185
0.18913690476190476
0.9999460101500918
0.3761848341232228
0.1486547742847239
0.9706376668314384
0.1842115511936753
0.11589403973509935
0.9998779296875
0.9999772230320699
0.94153913862594
0.37672211741839595
0.999958905235473
0.1269035532994924
0.2070063694267516
0.26622069151307964
0.15625
0.6064964954493147
0.9558927203065133
0.6696428571428572
0.845260700389105
0.9997724169321802
0.12172284644194757
0.9999142661179699
0.18956199080422684
0.2854713313896987
0.9999271030762502
0.1923076923076923
0.6291946308724832
0.698887498883031
0.999958905235473
0.1648351648351648
0.20491803278688525
0.17297192469493095
0.9999375
0.9438375737463127
0.301334903808402
0.3647658683800623
0.9999638310185185
0.16014234875444844
0.9999638310185185
0.14619883040935672
0.7186871227364185
0.8816049097990979
0.11013215859030838
0.39703824626865675
0.44456250819887183
0.21212121212121213
0.9999530428249437
0.10204081632653061
0.6668076940511627
0.8747244897959184
0.9808051962708736
0.8578804139883685
0.0425531914893617
0.17716535433070868
0.8946280991735537
0.27892833662064437
0.9998177842565598
0.16548839988051378
0.09966777408637874
0.21759969325153375
0.9999872786484836
0.9999142661179699
0.3647665962936899
0.4221672167216721
0.7150412429780274
0.25510204081632654
0.13353115727002968
0.1502145922746781
0.9999271030762502
0.08771929824561403
0.9728895562228896
0.13618677042801558
0.1791164658634538
0.19148936170212766
0.34210098381982273
0.9612097304404997
0.7457047798770737
0.9999745973682873
0.49450335256510214
0.9998518518518519
0.600907029478458
0.3949487925811265
0.3602173913043478
0.05617977528089887
0.11415525114155249
0.16791044776119401
0.1981784449316917
0.9373611111111111
0.999898229187869
0.13215859030837004
0.9999794989544467
0.9993141289437586
0.8965176098140086
0.9999860867629463
0.9999883381924198
0.5279103234113459
0.9999271030762502
0.27510822510822514
0.06925207756232686
0.8251166242578457
0.9572982928230634
0.854474203718436
0.728306697972683
0.14147251821082416
0.9345210280373834
0.47721344176768454
0.9999375
0.9999921875
0.20108108108108108
0.368595041322314
0.6961963682190526
0.21074721343057656
0.2401237802899853
0.19734967227130235
0.999958905235473
0.21213377556661137
0.9757372312399082
0.9998177842565598
0.9999375
0.10135135135135136
0.4470323741007194
0.5804493801652891
0.07751937984496125
0.9999375
0.9268808114961962
0.9998177842565598
0.6073170731707318
0.20609452736318407
0.6610131949498466
0.025380710659898477
0.9999794989544467
0.09536784741144413
0.5734586068046644
0.11293634496919915
0.9999375
0.999898229187869
0.11997913406364111
0.36915204678362573
0.1955997242647059
0.6614778748162045
0.15625
0.7563408378455401
0.8959851457399103
0.15337423312883436
0.9999375
0.9999872786484836
0.1651851851851852
0.0975609756097561
0.17964071856287425
0.9999772230320699
0.1665581597222222
0.9999460101500918
0.14150943396226415
0.24436891233766236
0.0904977375565611
0.9723056389723057
0.592966080506709
0.9697239777453681
0.3179125816993464
0.9319727891156462
0.1366120218579235
0.2594472645234066
0.9627438088976551
0.9998177842565598
0.20863970588235298
0.9597222222222221
0.2232821320017368
0.9999142661179699
0.4955555555555556
0.07194244604316548
0.9579369756542334
0.09960159362549802
0.38801375339836874
0.11173184357541899
0.1660714285714286
0.23919792355845088
0.9653983353151011
0.0824175824175824
0.999898229187869
0.4263888888888889
0.19906575637800936
0.9736073199800084
0.05882352941176472
0.7308093064376444
0.9268808114961962
0.2173913043478261
0.13043478260869568
0.9694386341794335
0.18892705597090323
0.42971500574435756
0.999958905235473
0.9999142661179699
0.2425631269456935
0.5536899964473605
0.817434439135319
0.1648351648351648
0.9285011617620609
0.9999142661179699
0.9997106481481481
0.9999814814814815
0.9998177842565598
0.9999142661179699
0.5686936936936937
0.15448429028675947
0.9665949820788531
0.9999715521165226
0.9998177842565598
0.4204495074671609
0.1091703056768559
0.999968
0.9455057968571482
0.9210464156422802
0.5821515046696645
0.9999872786484836
0.6764557569089608
0.09146341463414634
0.28846153846153844
0.20484273956496177
0.10162601626016259
0.10362694300518135
0.16071428571428573
0.890263092869312
0.9999892832647462
0.9999901289163524
0.9998177842565598
0.9999638310185185
0.3428155925229666
0.582287961055982
0.9373094802621551
0.8793000987475593
0.4353223140495868
0.9335490187731471
0.09950248756218907
0.9999530428249437
0.9997724169321802
0.24811218985976266
0.06422018348623852
0.9999530428249437
0.3024390243902439
0.908884015392891
0.9997724169321802
0.21390374331550804
0.12254901960784315
0.8030496183838015
0.1769248501613647
0.9641097818437719
0.14285714285714285
0.5391128025088809
0.9999460101500918
0.9999375
0.15723270440251572
0.17067325150700852
0.33379310344827584
0.1595744680851064
0.1400862068965517
0.2784329140461216
0.20784428794992177
0.11446153846153846
0.23057725694444442
0.6233062330623306
0.9603377963838464
0.19655403144864506
0.999968
0.19607843137254904
0.9999375
0.08748317631224765
0.9999460101500918
0.5996831862412311
0.9999814814814815
0.9999271030762502
0.45986008039579473
0.9410615808823529
0.1654476819629586
0.9999375
0.14778325123152708
0.9339860624980293
0.9996243425995492
0.5656327143930451
0.1682778374507698
0.8959851457399103
0.1832460732984293
0.03773584905660378
0.40106951871657753
0.20594187896859112
0.8305867513020834
0.13513513513513514
0.06734006734006734
0.08960573476702509
0.7075944573691103
0.9133949499254208
0.3486770382156222
0.6236819727891156
0.08733624454148471
0.3357712765957447
0.38700846192135385
0.1483050847457627
0.32548666327210063
0.9999142661179699
0.7237939073785793
0.9495188007584703
0.2486232588273405
0.27130283392978044
0.1377952755905512
0.1585432574514142
0.21601848286484404
0.08875739644970414
0.32619507343046045
0.9999745973682873
0.9999460101500918
0.5446163463041099
0.11730205278592376
0.23280571508614648
0.946942879715989
0.5325085793835793
0.9998177842565598
0.9999460101500918
0.47816265060240964
0.6492544492544493
0.22560258671369782
0.9998518518518519
0.24921568627450982
0.9999460101500918
0.7861781076066792
0.10548523206751054
0.15086206896551727
0.9184015388117692
0.9653413089373681
0.9998779296875
0.6348529294380588
0.062111801242236024
0.2209268854346574
0.9999832164076399
0.9558742958064225
0.999968
0.680796403339756
0.11737089201877936
0.9997106481481481
0.9999460101500918
0.9999745973682873
0.9997106481481481
0.9573996883675682
0.18358323721645517
0.9999847412109375
0.22545454545454546
0.13606937340153452
0.9999715521165226
0.999958905235473
0.314308176100629
0.9677173522918909
0.9999832164076399
0.5379591836734693
0.9999745973682873
0.999898229187869
0.8157692326298018
0.7592739563853532
0.9999530428249437
0.2872586872586873
0.8479354551557073
0.9421621621621623
0.9997724169321802
0.9999715521165226
0.999968
0.9692354368932039
0.9999142661179699
0.18779342723004697
0.15326787855221802
0.2545604066985646
0.10948905109489052
0.08733624454148471
0.911321053445937
0.75146745182417
0.9999860867629463
0.9714965986394558
0.16542510404644495
0.1518691588785047
0.14533085961657388
0.2113636363636364
0.1923076923076923
0.07692307692307691
0.6023606335952849
0.1111111111111111
0.27420507324044296
0.8860699694786494
0.6766381290736191
0.9137871853546911
0.7601561695394498
0.20304232804232802
0.8941258368993266
0.15089163237311387
0.1288659793814433
0.23172643543013915
0.9999772230320699
0.43570453659170677
0.999968
0.9612097304404997
0.999968
0.9970579684865399
0.17991092358180966
0.7451371571072318
0.27888485453339723
0.6575953054660699
0.35633341727524553
0.9999772230320699
0.34503009837028337
0.5987678090103965
0.9999908878845313
0.9900371287128714
0.971627902033992
0.25532268795741847
0.2222222222222222
0.6609740506098861
0.38535758142798665
0.2626753826530612
0.9189792060491494
0.9479364030187347
0.26705904570061684
0.9392678081543847
0.1492537313432836
0.08196721311475409
0.23785118576154313
0.9999860867629463
0.8806154303552847
0.9995
0.2538370720188902
0.9686199271592091
0.9998177842565598
0.9999927453171021
0.8781167178545116
0.7281553398058253
0.9999271030762502
0.09791400595998297
0.8949149307849268
0.9737907521841039
0.25578425480769235
0.8168174021518789
0.5608465608465608
0.3108016850500048
0.20856715301159742
0.15302727877578176
0.4451768327366414
0.9999271030762502
0.1627716803633218
0.9998177842565598
0.9998779296875
0.8629331846205188
0.3084016720380356
0.10737628384687206
0.9999375
0.8920938041026177
0.7471655328798186
0.2644230769230769
0.18167800453514737
0.21254300288663053
0.2833905839563548
0.9999271030762502
0.9999847412109375
0.843460648148148
0.5244888825821663
0.9999847412109375
0.4174576518691589
0.11194029850746268
0.9999460101500918
0.9999715521165226
0.999958905235473
0.13359104087317378
0.4246660815666054
0.9517277418511986
0.14897545759308725
0.9997724169321802
0.962191031875516
0.14882903981264636
0.18899700598802394
0.9577777777777778
0.14940555661516947
0.7094046658211307
0.9999832164076399
0.1724137931034483
0.5595505617977529
0.3879613209756751
0.9478015596482496
0.12254901960784313
0.23605150214592277
0.8731871029605658
0.8477667952482928
0.9999375
0.8113189720332576
0.9998518518518519
0.11267605633802814
0.1149425287356322
0.8955815335843075
0.09950248756218905
0.12915129151291513
0.5694111359764855
0.966508125247721
0.23057851239669422
0.9736073199800084
0.1417004048582996
0.16286644951140067
0.9998518518518519
0.6903403145926339
0.30065359477124187
0.060532687651331726
0.14705882352941177
0.9999638310185185
0.9999715521165226
0.22871794871794876
0.9999638310185185
0.25318725099601597
0.7588178866587958
0.884784293464221
0.947094298245614
0.17857817042322652
0.6694357259825328
0.8805264714846621
0.25241675617615467
0.9997106481481481
0.059288537549407105
0.10309278350515465
0.9189035790598291
0.11945392491467577
0.9999638310185185
0.23809523809523808
0.9993141289437586
0.9993141289437586
0.17036425864808702
0.09433962264150943
0.11406844106463879
0.9999271030762502
0.9999872786484836
0.9275840734965084
0.9492165868595068
0.9998518518518519
0.26143790849673204
0.3384476534296029
0.9999832164076399
0.9999715521165226
0.9653983353151011
0.1722568192578026
0.19685550935550936
0.9993141289437586
0.6250000000000002
0.9541331684188827
0.9998177842565598
0.12658227848101264
0.21615646258503401
0.9999872786484836
0.3254654654654655
0.09157509157509157
0.5984643179765132
0.9999847412109375
0.9999860867629463
0.43557475582268984
0.9999971528790087
0.1699029126213592
0.5157198014340871
0.999968
0.06802262931034483
0.1252623587728308
0.1142857142857143
0.30261904761904757
0.14792899408284024
0.28615384615384615
0.9921875
0.5831581525715914
0.7155126140633387
0.05514705882352941
0.7745844431853458
0.1974022633744856
0.38527397260273977
0.640821190597169
0.9999638310185185
0.41118261488212654
0.9999794989544467
0.16681614349775786
0.1823085922266996
0.9592919662775996
0.8752606717289086
0.11061946902654866
0.4503181595692608
0.1646090534979424
0.9999860867629463
0.09971509971509972
0.998179335457442
0.25172583826429984
0.6530472271213013
0.7541174385633269
0.9999937112455507
0.13100436681222707
0.7432835820895523
0.7814318107229167
0.1624548736462094
0.8176214207855605
0.0925925925925926
0.5688792767169825
0.3103212151394422
0.9999530428249437
0.20408163265306123
0.9999142661179699
0.8057548387096773
0.9996243425995492
0.9666493580060425
0.30943627450980393
0.0764525993883792
0.291764705882353
0.1393258426966292
0.999958905235473
0.2990939349112426
0.9995
0.48162537186128274
0.45258620689655177
0.999958905235473
0.9999715521165226
0.2971576227390181
0.9177357446661364
0.6309638140970675
0.9030612244897959
0.6260576132338057
0.9177357446661364
0.9353298611111112
0.9996243425995492
0.9964185852276853
0.7884933774834437
0.999958905235473
0.607682915375223
0.9999937112455507
0.9999794989544467
0.6843784877232143
0.4110556485011382
0.9995
0.8440677966101694
0.6023203926818385
0.9997724169321802
0.952372274175744
0.9677094172736733
0.8328891821696575
0.8650449582530507
0.1754686785550983
0.08324285197249368
0.3018372703412074
0.2840909090909091
0.13537906137184116
0.20231751824817515
0.26302083333333337
0.2752282508144632
0.7767716535433071
0.07547169811320754
0.9999860867629463
0.4786920155993431
0.9467186484730344
0.9999794989544467
0.1576271186440678
0.2613389756944444
0.9851600985221675
0.9999832164076399
0.9999832164076399
0.9999794989544467
0.21627906976744188
0.6163071961298126
0.9998518518518519
0.7990465904868078
0.18029128494244773
0.9999927453171021
0.23218603611871458
0.7288353185552991
0.21288648286639136
0.9999745973682873
0.9533540924596928
0.28677627144034157
0.9998177842565598
0.28474996261722163
0.17470497259859463
0.0819672131147541
0.9597222222222221
0.9999872786484836
0.19313304721030042
0.10380622837370243
0.505707353935489
0.9336667640186915
0.8583881578947369
0.9999847412109375
0.5414689123475027
0.3040178571428572
0.4561781609195402
0.35538361567096866
0.18058252427184468
0.07246376811594203
0.999968
0.10613207547169812
0.6326241134751773
0.9999794989544467
0.9999375
0.7645040439760513
0.12376237623762378
0.9999460101500918
0.9658232628398793
0.9999883381924198
0.9999794989544467
0.6868594590053763
0.9999375
0.9999142661179699
0.9998779296875
0.9999883381924198
0.09734906139015725
0.2765454007690032
0.45365853658536587
0.6158550525834477
0.16759776536312854
0.1646090534979424
0.09478672985781991
0.9976851851851852
0.12195121951219512
0.9927268779852366
0.08890845070422536
0.9999460101500918
0.9999271030762502
0.843460648148148
0.8979985955056179
0.9999460101500918
0.9362505744485294
0.28078288171455873
0.3457364341085271
0.2882420091324201
0.20548862115127176
0.038461538461538464
0.8913220260223047
0.9999142661179699
0.9999715521165226
0.999968
0.13812154696132597
0.2365194518688219
0.33405954974582425
0.23544303797468355
0.1098901098901099
0.999968
0.7726935662541722
0.2528660866737133
0.6901021686870237
0.15463917525773196
0.9999945130315501
0.9999814814814815
0.942178623887306
0.51875
0.27607361963190186
0.8330473365528399
0.9233966937698562
0.1727374188311688
0.999958905235473
0.40006038647343
0.4112685130730756
0.9999745973682873
0.9999892832647462
0.9197889182058048
0.9999142661179699
0.6836002902109609
0.1488797169811321
0.8036078431372549
0.9998779296875
0.2873543345205574
0.9999745973682873
0.14552521805081534
0.5111151603498542
0.23445463812436287
0.9998177842565598
0.09408602150537634
0.15789473684210528
0.9999860867629463
0.2396537162162162
0.9998518518518519
0.24059046101762424
0.22806732254654846
0.11363636363636363
0.9289056806413256
0.4096854791299235
0.8697598197531179
0.9999271030762502
0.10769230769230768
0.9469788243004886
0.1
0.9998177842565598
0.28718074055969695
0.12988683127572018
0.17624521072796936
0.6895199119112968
0.18970149253731342
0.945204724300933
0.7877351383303006