0.699602187941314
0.4169643086040836
0.7983814811706543
0.7428624413924896
0.2790742672625042
0.7489381170441023
0.8334741498484757
0.812722471025255
0.5713571547612846
0.7116488377253214
0.5501049216588338
0.254827119410038
0.22100764571451675
0.5657175497876273
0.3081699674604116
0.30073415282105453
0.8043351496127968
0.5349091632025582
0.6029021630787637
0.752271626668231
0.37535639201321813
0.23381427261564466
0.23482216464148625
0.3441056456632804
0.7451226472854615
0.46238877588794347
0.5715070136505666
0.23128805613076245
0.2239888542228275
0.21386710637145573
0.798598363285973
0.21990148060851628
0.7082969349418949
0.24014590041978018
0.5804142973523021
0.22230722217096222
0.22296111707133476
0.2531846406913939
0.6182176988906961
0.4333861220030137
0.6537799901432462
0.729171921905176
0.2376861687059756
0.42704857754434017
0.22823999524116517
0.22667349696668804
0.8259866999255286
0.23661695337957805
0.652579835396505
0.2740332815382216
0.2298990512887637
0.2579526919575911
0.30096110977508406
0.22941194025297013
0.8982491479979621
0.22183601160844169
0.6466839106989236
0.6670838803052903
0.5672380335537004
0.2086181797915035
0.68412523963464
0.6334735175687023
0.5578116462086186
0.5215248719851177
0.47090025875303476
0.5386227141588162
0.2608512229973974
0.24945491031333283
0.46081502120646217
0.3854160893531072
0.5914838137589531
0.6200865373488456
0.413359131342099
0.2257942206093243
0.6273911400389476
0.49304980406370114
0.5574863301278001
0.22462935461884453
0.3752273652288649
0.45774878552465725
0.6438465304826022
0.7129918079597969
0.7561559726794561
0.6577478898896112
0.24705579261931163
0.22168245968364536
0.2362838586171468
0.4891416438160434
0.3258009806275368
0.5400864387000048
0.9715040971835455
0.22556847085555393
0.2314362708065245
0.7517496253605244
0.6318439185619353
0.5728129347165426
0.332733888261848
0.40890003641446426
0.7278386370340983
0.42624398787515333
0.6036087224880854
0.2226847752376839
0.5319838563601176
0.27080071469148004
0.2293087531686266
0.2209044753602057
0.8184144814809163
0.689366664737463
0.6163594961376629
0.7579236621344525
0.7251829422970928
0.550475118467302
0.5262598025578039
0.23117065816013901
0.7050195060734056
0.7058718403180441
0.3180743300252491
0.3657626488970386
0.22786590456962585
0.6032704044271399
0.2771129802060433
0.4067789100938373
0.22880850036938985
0.6545678409082548
0.39522204465336264
0.4355560353140772
0.2903510516598111
0.2228376403515473
0.38428266203945083
0.6702127378217128
0.5135546965731514
0.4191971937614659
0.2767517166557135
0.4221693506607642
0.5041528318087939
0.5933091668067154
0.22274212828940815
0.6814358601867148
0.6505118336929321
0.5489619734637465
0.697165368804856
0.613456789670246
0.7970333327290644
0.6636793598984226
0.22492904663085939
0.22136950029267205
0.5928996580518054
0.24373543206443135
0.2225350791972781
0.7538095858964053
0.3884733117633052
0.218452788179829
0.7574058965400413
0.2900648365418116
0.2894064153943743
0.6800874548051694
0.24102433522542316
0.43597613628263826
0.35472307029645067
0.22889368153280681
0.6536992149960476
0.31503085682789483
0.4802888571613967
0.3356279503731501
0.4125510489656812
0.2596527022620042
0.2494303975944166
0.6325947642326355
0.32335077196943995
0.30490318106280434
0.2283089872681614
0.46877846088674335
0.48101563369384925
0.4582694392824671
0.4770371360768596
0.3021296908458074
0.7384598045492559
0.49359853638635653
0.5535500669507702
0.23113304144806332
0.22534162265559038
0.49601331405310967
0.22477552747284923
0.24426906722964664
0.2663473012772474
0.32611798403907977
0.2844183300932248
0.2590242592745988
0.2971348578279669
0.2390937571172361
0.5706748265302821
0.6444077042360155
0.6213558900274976
0.7034864077965418
0.7669706204959325
0.8422146320343017
0.8742863654774964
0.26154647422609506
0.8358146879408095
0.4161168459821566
0.33188088598942
0.37714030234901996
0.6755628632326768
0.2910434669918484
0.21997800999217565
0.5242623557299723
0.9098694898464061
0.6059552687737677
0.6315666083601856
0.8168237785498301
0.22946739031208885
0.28137171197505223
0.5590611888618064
0.22253024544980793
0.2869033416112264
0.2996266735451562
0.271346300178104
0.2623687347992748
0.22459724876615736
0.4767755088706811
0.22769402380575213
0.36075642953316367
0.46109210033107684
0.7976526469367893
0.8567764317547834
0.2241413359131132
0.813945726332841
0.3714259736437015
0.27179591481884324
0.8433776564068264
0.6799027134974798
0.6681937089562416
0.8826743617088811
0.7921613366515547
0.45095777445369295
0.7228044573377473
0.7237025532352441
0.632498208702767
0.23241467773914337
0.7059593809774829
0.5367916090801509
0.5369698107242584
0.5008085347078984
0.22964084934857157
0.6408134688271416
0.6200865373488456
0.45460326805474266
0.245228699925873
0.38272255036967373
0.2185865834305182
0.22465201399543067
0.7326943579647276
0.21701092852486503
0.2332831256919437
0.6144431074729128
0.5142838635141888
0.2767879731953144
0.611272093322542
0.29835076946200745
0.33776034284678713
0.550610923104816
0.8174499776312913
0.6233916378864387
0.2417141575188864
0.22376003632178673
0.21884425039644595
0.48373003937895337
0.2195048850995523
0.48147655581986465
0.33804335908757316
0.7350924153018881
0.5347104204552513
0.46349427072853633
0.6041849897257865
0.7074914742399145
0.28743120407064754
0.7927017322293035
0.22515047589937848
0.7173849998499809
0.21973801155885062
0.29113960372550146
0.6455153401363667
0.7382172147432963
0.6001595216130203
0.5157113335865401
0.7435667230464794
0.7283005271627013
0.28722778831381474
0.6877697590506557
0.257810015976429
0.6260754182225182
0.67926336842967
0.23369365047525475
0.3417251889352445
0.22782902861082996
0.830283707049158
0.24851184056864845
0.77881319409325
0.2254191498398344
0.2583795632376815
0.5982529431581498
0.2751113416312577
0.23625959621535408
0.8432192432659643
0.9201407260364955
0.7644538203875224
0.44075932436519194
0.3914509097735087
0.5599212489589922
0.6873215190356687
0.3521171784327354
0.22859499709946768
0.6924866581404651
0.6583926299119753
0.23419211923129973
0.2249978502591451
0.25501758232712746
0.22868581996722653
0.7047740866740545
0.25031790992727987
0.49958111446112485
0.22255925558231496
0.22585550603412446
0.7548519423112323
0.3384035295910306
0.6746856892210806
0.49414346118768054
0.2405900498231252
0.771906501779626
0.22087246703379082
0.7892635136842727
0.5936126404974884
0.5184385693262493
0.5754775195045216
0.453838895568772
0.757046070826915
0.7123684460208529
0.7054573275424816
0.27329496873749626
0.4844179456120048
0.6091920713583628
0.2298404015876629
0.22184801271983556
0.7228505995882538
0.3493640689235745
0.224795642037871
0.384260452361334
0.5604362054949715
0.7271859445742198
0.275295391480128
0.23094162841637927
0.6962034002871053
0.5938952242445062
0.541759956966747
0.2285653362771879
0.875341385602951
0.4668840990495429
0.23399974902470908
0.3040447797889661
0.23684520324071248
0.2473524713090488
0.5520323564056997
0.6166899186192136
0.5606661486814892
0.4940564056973399
0.7874154885609944
0.7236072111852241
0.2544031472669707
0.6194646273340498
0.42195565569581406
0.23959752945672896
0.5229175628414231
0.7749476459291247
0.25565118930841746
0.8473260115694116
0.5189542883991176
0.5159537516185604
0.41391990979512533
0.2451457538538509
0.7481141140063604
0.6061061109815324
0.7897619104259228
0.2225813815991084
0.23275449932058218
0.5419710565639724
0.720555091093457
0.4465945691911001
0.591758774988579
0.6167387747030638
0.24775819579760233
0.7117697166071998
0.8329299450078339
0.5206810902981531
0.514438238428541
0.5657057058874261
0.22186379245033971
0.5727433523110385
0.23744298716386159
0.3068288829591539
0.5825175760370312
0.25217643813796775
0.2647894719546592
0.22688442170619966
0.6213682108455234
0.30892510144483476
0.49359853638635653
0.4051824145846897
0.37084943040051443
0.299770162219093
0.2518149503955135
0.6507785136049444
0.8985808769861857
0.34057461677326095
0.26449775475042836
0.24045966496834387
0.3024889232304992
0.7998887160846165
0.6149777445270215
0.2278407036312043
0.5615093544835136
0.23413405364209955
0.23761719210535032
0.34719747013515895
0.6116859257773117
0.22565631038612788
0.765833811185978
0.2614263805250327
0.21977789799372355
0.5308232235587407
0.2775467463902065
0.834730033521299
0.22459806076117922
0.22426399886608123
0.7045759459336599
0.23381106555461884
0.22108826924253394
0.7259109616279602
0.4137670556704203
0.5277960022136636
0.2385373725777581
0.5492168709813618
0.28882279779229847
0.618474030200346
0.2271355398827129
0.7222846271026702
0.8191068318155076
0.6145252604727391
0.7247139654225773
0.2153633788228035
0.7657472619664373
0.25883401930332184
0.2238726321193907
0.2258944245643946
0.38269468403997875
0.5860432172432924
0.2316467305024465
0.35262161990006763
0.3602501414716244
0.6446249975098504
0.32073231438795724
0.3039941201607386
0.23274413775175046
0.2815318703651428
0.40067728610265824
0.6436932822068533
0.7109816055133861
0.21965397066540188
0.5493598801276041
0.5547491962159121
0.8751176247994105
0.7064697291169847
0.2918306384362331
0.5564801232080266
0.5391525725587311
0.5766920606295268
0.3572648260742426
0.4090153873439819
0.22685815606798443
0.259598426355256
0.24204478164513907
0.8674779833687676
0.22406571846464018
0.5297775466531558
0.6895776351292928
0.6517559825019403
0.5697824120521545
0.5859147172504001
0.2562850547785108
0.23035374614927506
0.48155404006344726
0.23378377759849633
0.6466644011792682
0.5313734193958303
0.7308180994457669
0.6343676142362289
0.7927017322293035
0.25859279224747106
0.21751513379433798
0.40475559620945545
0.47533209396131115
0.2846451193094254
0.39406793316205346
0.36062429072680297
0.2395509034395218
0.3268506558878081
0.6032376091029565
0.436643342765761
0.2695628782113393
0.8367014756106366
0.5719507927568549
0.30865003612306385
0.5916447173666071
0.21842408239990846
0.22880349622832402
0.5135546965731514
0.6439796060022681
0.7989812309172789
0.23849133297249123
0.6506479382514954
0.6479711734866485
0.23473338081092432
0.328347226259885
0.24458808399210072
0.7376751474760197
0.41579357120725846
0.7894723607434168
0.25021630732012
0.22515399022535842
0.5209912558396658
0.7215155732852442
0.6945296479963962
0.5997455397037544
0.5349526376951308
0.22869510293909998
0.2776453076137437
0.6653498663616731
0.4520651135179732
0.5734171828149682
0.22003891865412395
0.7472810718748305
0.7032246714891929
0.5498491012387805
0.49246454005518914
0.28644334894496126
0.5499780338262927
0.2708299582840031
0.29951238664814117
0.7589010511125837
0.773967422291535
0.3036245957016945
0.591395466477292
0.25889490395784376
0.2823669115702311
0.3291728993256887
0.6318439185619353
0.6318306002577236
0.6807498190138074
0.42813367909855315
0.7259039813918726
0.30355545105757537
0.7453382715928539
0.35654659403695
0.2270435517032941
0.6619841092162662
0.6257934712228321
0.6073659703577006
0.6847599392372465
0.30996036728223164
0.570611436846395
0.4088705896227448
0.2200110222053046
0.2522466442887745
0.30097953418890633
0.8358146879408095
0.8985808769861857
0.7009309010373221
0.5770931062559602
0.24178150318287037
0.2807566265265147
0.7397126554175705
0.5084102580116855
0.332029965851042
0.5847217433246565
0.5820892000591362
0.27481818366697225
0.6573161760138968
0.6755271526556166
0.328265372912089
0.8530568246046701
0.6111698670244786
0.8350008585386806
0.23413981993993122
0.35330409308274585
0.2373850342852098
0.24438138913225244
0.6508235688374064
0.5408630835814308
0.26618560122119056
0.6186638961235682
0.2342140610728945
0.2245493618150552
0.6895285469112974
0.4448009590869023
0.2604220377074348
0.7756475338229427
0.5512448151269529
0.5499032847465031
0.5639586738564751
0.463375727912979
0.21223174134890238
0.22599292960431838
0.5806914780348067
0.7863391594281273
0.22102629476123387
0.7546468465416519
0.2286001436767124
0.6066673302356108
0.40106324630754964
0.30209823821981746
0.5578955566441571
0.2641808173873208
0.6010587703850534
0.7505686090287997
0.6467046392849858
0.4512103067504035
0.434519961476326
0.6567185878753662
0.3492385811275906
0.24586047364605795
0.41700096676747006
0.5626240532258492
0.7271859445742198
0.2774132748444875
0.322901737358835
0.4345497200413356
0.5468349490336507
0.7312133507596121
0.25641992577800043
0.2274456544527932
0.8702969043343155
0.26032420198122663
0.6311122874418894
0.43445233047744375
0.4425905219653026
0.7775103861079626
0.29196723600228625
0.49305528741349625
0.2948729714585675
0.3816081348550383
0.6027205082369438
0.6133005628983179
0.49841668288859114
0.767525111304389
0.29392595759459905
0.5871119480662875
0.51399184965793
0.21737136443456015
0.6818328406215574
0.4831086461391513
0.6926113508286931
0.2770179430643718
0.21609928612671203
0.8038820520469121
0.5781038675266199
0.2235660925959096
0.26563563540814417
0.36586591707808636
0.2283949047226697
0.22462215390470291
0.2228814170710624
0.7269133080376519
0.6958441482649911
0.22613358426661717
0.2265978283954389
0.23845092588000827
0.21981102008840223
0.23136689240733782
0.5143323497639762
0.7228785502526796
0.2193429237852494
0.22628881887153343
0.2809834526644813
0.4096196245063435
0.6410591736987785
0.36976401259501773
0.40382449399857295
0.3199192991568929
0.5509349913508804
0.25801377071417075
0.23254017806970156
0.7751355199586778
0.4034936269124349
0.5136344218729053
0.720659880338973
0.22120407146436197
0.5634365386433072
0.7114901004014191
0.22371127903461457
0.22625767581519626
0.6574978931376964
0.5692168520603149
0.26087242199314964
0.25138064813282757
0.8494731454622177
0.6348583408073046
0.7071124459196021
0.6652356052924165
0.804552071624332
0.3185460575810679
0.8658094051338378
0.28680002511966796
0.5103913290160043
0.5279672108830713
0.520060366778462
0.6236596967148746
0.3098807105863536
0.7104854266651551
0.2932729366279784
0.24758391865977536
0.8000723256005181
0.7119113951921463
0.24422644811371963
0.6428461585726056
0.251289059127134
0.6334735175687023
0.22593465727618617
0.5189739306767782
0.2386054734388987
0.24341250822330132
0.4535089197258155
0.2319399317105611
0.7332678801483579
0.6692008978790708
0.9441464962381304
0.8322832619522164
0.22975401911470625
0.3264336356042344
0.7096455082254871
0.6304730728820518
0.32872814032293496
0.4503376062545511
0.7259476232150244
0.24835028233272688
0.634255094304044
0.6743587060934968
0.23053261016805968
0.5802389750443189
0.4441548709148242
0.38341651179573755
0.4738663444434754
0.6956071300079983
0.4485603423200102
0.5223394383986791
0.28839868257443113
0.2317130311081807
0.4319835872877212
0.6819305758971672
0.3713810384273529
0.29337960481643677
0.22529621540553985
0.76166448019169
0.7511726274258559
0.5355697714147114
0.7455598791440328
0.31612280673450893
0.762341531960651
0.2105100519127316
0.8283060113588969
0.5784511619144016
0.6799027134974798
0.5897833698325687
0.5587717286314647
0.3457999437574356
0.2327754921985395
0.3768190331568923
0.3890317461082735
0.6079996997191581
0.22769983562212143
0.23655705981784397
0.23043562551694258
0.6477532153362995
0.592373915622302
0.7468449122375912
0.22323373506466548
0.23776387684365624
0.2262925712204484
0.3075309917330742
0.23650324234256037
0.2595454825768395
0.5270181909996589
0.7072079825896191
0.24029942505337576
0.6391321999381765
0.24059723968859073
0.6381770427580232
0.22182072036796147
0.2219738706946373
0.37837892486935565
0.23828315062555
0.8653502331839668
0.5367916090801509
0.24870562445149463
0.2542992663202864
0.23414240060029207
0.4586639419014071
0.7242869983116785
0.5039262806044684
0.8101297006410955
0.24597553882682532
0.609199583530426
0.6502512578808126
0.23030383939092808
0.25713303354051376
0.6898419976234436
0.3239170160558489
0.22648238426163084
0.28089441027906203
0.25284857775956865
0.222883036448842
0.6005486044468301
0.2617826800206642
0.2474729320262572
0.6556539467255422
0.21987277206289707
0.8070234651918764
0.694158166603291
0.24822456921849934
0.3709638103842735
0.6951356437352914
0.7555313884609878
0.6675049817120589
0.5562750932611065
0.7461944666366886
0.6497365094260783
0.22436684977125237
0.2425194705526034
0.4458121787934076
0.5838857433862156
0.5444101883305443
0.2494034564920834
0.7414156340417408
0.23041344817840692
0.23444344624876975
0.3325046945873965
0.8489896131284309
0.5819155016825313
0.30477505646370073
0.6456349875639986
0.4116207030084398
0.39975327841545405
0.3080183705955586
0.2262176979671825
0.49169926526159624
0.6741841626572205
0.3582606176535289
0.6945676654577255
0.27086688830302313
0.8109011957674851
0.7894693488876025
0.2608839477101962
0.6087013569143083
0.7714014364613427
0.7875052297241473
0.6795870982878136
0.23361782390604574
0.23610374292053243
0.894672353610848
0.5891535826040534
0.4888472347178877
0.43664998478359646
0.8076056301909149
0.596115977956791
0.2302263445324368
0.6126115614054154
0.68417698712576
0.6706183983024057
0.47228362339514274
0.5598032649358113
0.8396294861369662
0.27604672297684835
0.678731221291754
0.6841400575637817
0.22394808981981543
0.49304567927505927
0.653740146155759
0.7201882196160464
0.2640863139004934
0.2257297995189826
0.6994606388939751
0.22096040625220692
0.25531627356059966
0.4182358199641818
0.6318473800780282
0.6041035611930414
0.5255211138317727
0.45239764877728056
0.6790168565826945
0.2209830035765966
0.5797183621260855
0.7763917541314685
0.6168547992904981
0.24213388338685035
0.8307349930206935
0.8618446415514092
0.2170200363253102
0.5783598845203718
0.6881332402427991
0.2373306040134695
0.7963868042075632
0.6567274663183423
0.27370591958363855
0.6920610494574402
0.5946833603964858
0.7218952909401432
0.2258188257969561
0.3922176987272382
0.5242126940562783
0.22666095776690376
0.22097604776974078
0.32054641703614084
0.6727150773008663
0.2767466087662984
0.3571785091880768
0.5789204586175944
0.6347528986199192
0.6947834059553608
0.2309589630199803
0.2213808588683605
0.5809909303983053
0.7042206465094178
0.5116593345763192
0.21860951483249663
0.28514947303216465
0.3741098259133522
0.23225519844354725
0.6552860082309145
0.6689190026267668
0.24242302728077722
0.22625161860928392
0.5728949570151233
0.230434814647392
0.26092847536007563
0.5722800248199038
0.5133989541631041
0.4820623535327811
0.5875723503534407
0.697949946399719
0.5753719338348934
0.603048853079478
0.7453096033346772
0.2320670716273479
0.8604562757642359
0.8961473361209585
0.6267088685025517
0.5860278155477274
0.29026915539394726
0.21958281637893784
0.2663607549185705
0.7598951554298401
0.5704256561067369
0.6901611728432737
0.5557462975382805
0.23222215175628663
0.34396346741252476
0.5191977416348252
0.7637877795431349
0.23674390258060563
0.22340230809317696
0.3522929498304923
0.5653250739687965
0.6673393196529812
0.40585048331154716
0.216443938927518
0.24938095830104967
0.2263594256507026
0.25320533642110954
0.5017688673403529
0.34108341352305427
0.2353994592472359
0.3325630449172523
0.6715610445346297
0.24657156666119895
0.7117823010528244
0.7434392916433739
0.6784353186844518
0.758667783793949
0.4878656591687883
0.7888976123597886
0.867247103816933
0.7444618569480048
0.25159299888071557
0.38733980582609795
0.22778247992197673
0.2690010815858841
0.3113344709078471
0.9165998313162063
0.4032774747364105
0.5748610041207738
0.8322832619522164
0.9155079104282238
0.5688967307182233
0.837595674726698
0.2895057153094698
0.22173375433141534
0.6787157565332774
0.533178129434045
0.5273802509674659
0.33039819683347427
0.253040623333719
0.2824540057603051
0.4495362510283788
0.9212944979705509
0.6782091306945105
0.5586189716344788
0.22450440128644308
0.6155434787273407
0.6709510972838343
0.22154296260504497
0.22367531061172485
0.7327874060424547
0.22912461606283036
0.6470566822422875
0.2165316343307495
0.30755515396595
0.2807566265265147
0.6272130765436958
0.5550948540606195
0.738927427927653
0.6648043549957233
0.6458719442839975
0.5419219663873842
0.25984499752521517
0.37681874597356435
0.32675592932436204
0.2225799635052681
0.31850200411346224
0.6718400694075084
0.23252943058808645
0.7556939311128444
0.557317502356711
0.22208766826876886
0.32110853034352504
0.22565144300460815
0.586638781759474
0.9957261284192404
0.49579857083224743
0.21946583776956513
0.3658308287461599
0.2160658902592129
0.33326140288953426
0.6168836962609063
0.39758843525385656
0.21279446929693221
0.6076865198593291
0.364222479959329
0.5376471272020629
0.22970965644742689
0.5716176227760064
0.27193412780761717
0.4948597023726771
0.34229863992443793
0.728867350095584
0.2226432735339189
0.604506299235088
0.7477975615871296
0.5628168820835984
0.5830387496187999
0.7231001352992152
0.8838873596654998
0.25674434940020247
0.22503995714765607
0.7102544521567997
0.3789074475712636
0.2602697625046685
0.31356629596816166
0.6220559771414157
0.49716376662254336
0.6831335690838318
0.2928219868077172
0.265268182798183
0.6858101917637718
0.35473623209529453
0.31531800400643123
0.223856889388778
0.4120422153159825
0.2919093506467162
0.2217793959710333
0.4329070203069948
0.2429926756755773
0.27137107886965317
0.2668732571251252
0.21874924322478792
0.7016706967353821
0.6091658671088769
0.8333439541986896
0.29013720921896125
0.24935667269458672
0.7948394003841611
0.22486174183014113
0.31075219735503196
0.41835653675238976
0.4129898541503482
0.60122544594385
0.2165935789545377
0.24117725046854172
0.7311081533078794
0.8609697567092047
0.6077219878633817
0.26741382806074054
0.6375491448811123
0.5200643712006282
0.7985187685048138
0.8407036303002157
0.6521690708619576
0.45843588054916007
0.24255043392380077
0.6676938886995668
0.5888634411493937
0.7690711584356096
0.23501133280141012
0.29151570802987226
0.6577945613004024
0.2503594557444255
0.5022704953497106
0.8472291486603873
0.6785108934749257
0.2322415023139029
0.23745758707324666
0.6163519744995313
0.5727433523110385
0.21916323360942658
0.27481557830931647
0.6776236441400315
0.4417211706439654
0.2993641222516696
0.23200900746243341
0.4417783901279355
0.29243219892183936
0.4453827789748853
0.6735823194185893
0.3688098908889861
0.2249086020570813
0.3220751186211904
0.2363489025996791
0.23887032229039407
0.2855312109294564
0.35495230693508073
0.23160701079501045
0.2644818051896914
0.7219619145899108
0.6147753039995829
0.7994126527187475
0.6901509426589769
0.22391744951407117
0.48932417285390745
0.47319239260237894
0.25733137947541695
0.38614024860518315
0.24243007227778435
0.22804588222443456
0.25308010281709137
0.6415491984004066
0.23501749995809335
0.39727066705624264
0.6312516191534179
0.47555154396428007
0.5833692810551486
0.2529971244789305
0.6052182134403925
0.6203562268589297
0.31670565108458204
0.23802516815208252
0.40186848981039863
0.3563316152209327
0.2850993874908229
0.3244104436426251
0.5450920148028268
0.22336215194728637
0.6677966641958314
0.7201882196160464
0.2209892809391022
0.28301220815858724
0.49345760370467917
0.7329414853343257
0.21131166409362445
0.5502570093392287
0.7755200760389761
0.4868678799320212
0.5986829526960835
0.248782097051541
0.229497991502285
0.6169623332273247
0.9097707748413086
0.2440826776954863
0.21884575717979007
0.25375331200304485
0.4608507234640795
0.24604149898151298
0.846900018588418
0.40066817600248206
0.2235698240498702
0.9235551137394375
0.5378522413196387
0.31530027091503143
0.5485619119235446
0.6302379214574421
0.563173266111211
0.6401444299396498
0.6585447908551605
0.2258778017980081
0.4636179543676831
0.24630774557590485
0.535332032830724
0.4973847680621677
0.5234240256249905
0.7962439523802863
0.2605429511277282
0.6312719513144758
0.5107235290386059
0.3361775490144888
0.3614144210462217
0.6751013899692382
0.47304254140918106
0.277037196026908
0.8253360600309864
0.6773753798197186
0.668684169177025
0.25148744958418384
0.7902797284580412
0.6361586643589868
0.5588046418295965
0.2250626493422758
0.2210625131924947
0.427660104772474
0.49243715452769443
0.5831781168778737
0.6837128069665697
0.6189708826888322
0.5116438400414255
0.2528912603855133
0.6742165777418349
0.7164297851683601
0.5308699549900161
0.23005741172366673
0.42006433362425527
0.7495332781915311
0.7615633535588908
0.41127924412054107
0.7040443885326385
0.5570985462844458
0.640580612639907
0.29910175710322173
0.6403978420063405
0.3943874313244744
0.6426900258139959
0.231562500750577
0.24052937190841744
0.5176294095932492
0.7639044732959182
0.36976401259501773
0.6120057505747629
0.6479673082813804
0.36063440988461176
0.24857491550464478
0.23605305844485158
0.21717136171129015
0.5360384149683847
0.4448618535642271
0.22781274296619275
0.22001734326283137
0.6323472930514623
0.7062240510075181
0.4959147158817009
0.24524389977256456
0.61939084048223
0.25731538898415035
0.22061104807588788
0.5747830400627757
0.6725334893491932
0.320139356548824
0.23036178532573912
0.3970996141433716
0.2684018460058031
0.5590160931150119
0.36338225901126864
0.7079871177673339
0.4938689390818278
0.33028688629468284
0.7927439584996965
0.6353338745259418
0.22131178196933535
0.23016002608670127
0.6783644947893315
0.6494747037925417
0.5402394330217725
0.31256024373902214
0.7893995876665468
0.21836829682191214
0.29880285334019435
0.25394317507743835
0.7429422508511279
0.6803828793984873
0.5802608415333912
0.6338278498914507
0.22504270786330816
0.7364034657429976
0.6789504676584213
0.47031942186245496
0.2603900736977911
0.2212149296645765
0.2171904715123
0.47272366093264684
0.4562779797448052
0.22538737172172182
0.22610963668142048
0.7526493142416447
0.6257171952062183
0.653517352210151
0.4412057002385457
0.27887106267390427
0.24906294769237913
0.31233352050185204
0.28272686548467374
0.6453218335655803
0.22212217301130294
0.2232824828889635
0.2345211241926466
0.5625831534465154
0.49122602940656934
0.29027159291285054
0.7508284468499441
0.5789574517684729
0.343948004146417
0.31648693967748576
0.22168625573869105
0.3106395045916239
0.6279827589080448
0.6903646568457286
0.46986419950212754
0.22801967371593823
0.6101486162533836
0.48184955517450967
0.7560326578882005
0.8073068567908104
0.22535743883677892
0.7684019631319084
0.245394480449182
0.651611792475537
0.501759235507138
0.5936126404974884
0.38938820461432144
0.5062223525128813
0.24056522746880848
0.6787157565332774
0.5329726592100487
0.21844442933797836
0.5233010116109141
0.7580498735109965
0.2351452779202234
0.2665677827502054
0.21734793271337238
0.2637201514508989
0.2942132901132496
0.2705547669458957
0.5010272439220352
0.2591576183384115
0.645346809592512
0.5777883691920175
0.22378411182650815
0.5406131115224626
0.5919142761637294
0.6771186457739936
0.23720688025156655
0.3066193535923958
0.27914549758036933
0.35812714099884035
0.21935072872373793
0.5651317451074932
0.48545590591809107
0.6808026510188382
0.591395466477292
0.8971130436375027
0.25003780921300256
0.57832324798145
0.51399184965793
0.2771962560595028
0.2536539388475595
0.7587181209499001
0.7370868073569403
0.2511088842595065
0.859255624787202
0.48996958633263904
0.2526300715075599
0.6439422987401485
0.6795897882845666
0.6044577862427692
0.5192319112519423
0.24077272967055993
0.6599041422208151
0.5860278155477274
0.3905880120065477
0.6062706572810809
0.2257148543993632
0.28058646359140915
0.6861612205029515
0.2959187434269832
0.2275402656307927
0.7252933799274384
0.21936466651303427
0.584339547914172
0.5968692345801829
0.21866961523438944
0.7307286381721496
0.25758766300148433
0.6205064139248412
0.9435170940558115
0.21635549993087083
0.5221848464674419
0.2259858334821368
0.5369406367341678
0.2188507772627331
0.7766564127984077
0.6677458222707112
0.23889847679270637
0.5134038496900488
0.6279980146137738
0.6523201941024689
0.5929357207089505
0.4452795462298488
0.2421980967262277
0.2826154977083206
0.6736278329734449
0.2982413870592912
0.8302048471238878
0.22206673357221815
0.5717156801864519
0.36027742283684866
0.22065738091866174
0.47594946324825294
0.5316154582632913
0.4535070531070232
0.22248945931593578
0.22993605962348362
0.6799027134974798
0.7696754470798706
0.2260288032844211
0.7280653585914184
0.47143740380803745
0.4054599029046518
0.4512241624650501
0.7083860679909035
0.2898877237051253
0.36911564856058077
0.3583911464170173
0.22181981189383398
0.6361586643589868
0.32518977239018393
0.5819646479697348
0.3990529550919457
0.7778168972627617
0.5049037095100161
0.41756666128834086
0.595595959532592
0.607085216691885
0.5137924122904974
0.22612096652006491
0.21830331087112426
0.2241500476996104
0.6860866657798252
0.7045798370573256
0.22245276106728445
0.2814312196440167
0.7860157032492299
0.30563897848129273
0.38107229524698016
0.23055804627282278
0.4500072201093038
0.5358834803656296
0.2984160379721568
0.4320060615738233
0.22898568585515022
0.2321784985371125
0.22805245386229622
0.2219557606038593
0.3136559658580356
0.5733216571311156
0.8498680444700377
0.4338073850505882
0.41853894610253584
0.24830940433716842
0.48786065436071824
0.7526650932100084
0.7649943085732284
0.25815672675768536
0.40419245362281797
0.3358640948931376
0.22777608164719174
0.2297282981521943
0.2787452052036921
0.7930137758784824
0.24484581857810528
0.4572499575228077
0.7289674418313162
0.22731703575010653
0.24304073800643283
0.6652356052924165
0.6682767321805572
0.6778585972560824
0.22363763694409972
0.2597613411921042
0.5124236683919488
0.49851753958383527
0.2314213441732602
0.5986257950284264
0.8298936767710581
0.23840990974789575
0.23958939638657448
0.21973774972416105
0.7927017322293035
0.6201489766964416
0.5718637700563576
0.5773662780485456
0.5382836854292287
0.8521302537312584
0.6643679401007565
0.23461757669294322
0.3344538451974245
0.5156892096554792
0.2251120583178141
0.5468349490336507
0.7674323088162905
0.73717517680592
0.7224477870123727
0.3652116341723336
0.5270725519568832
0.3226653496424357
0.4438898153756381
0.21920324563980104
0.24024595580403768
0.2215640610609299
0.6423266167525623
0.21918290985955133
0.7968451589735505
0.589782967434989
0.46307007455501425
0.2267181345079311
0.6533499695441654
0.4542407443463937
0.7370868073569403
0.42628284692764284
0.2412677152034564
0.6787157565332774
0.608451933338844
0.5357458242964663
0.706519388490253
0.23871315254105463
0.2428314275211758
0.6436880893177456
0.5737705899744618
0.7296223530062923
0.23102304380800986
0.688328716016951
0.25322070966164273
0.5136055078050537
0.22505433294508193
0.2570568354098828
0.22561190801638142
0.5643860802882248
0.5024929791688919
0.47351758892719564
0.37781292477039374
0.44191769030359057
0.7128472278515497
0.7382172147432963
0.7386787320072558
0.896688511002918
0.23150972909096515
0.6423267580214
0.7215311008335178
0.25118206245730623
0.7322548045052422
0.2761073460934138
0.4938689390818278
0.23642870427196863
0.6712589685760793
0.7271859445742198
0.8071361708420295
0.6329992302195734
0.22953485381422623
0.8048100639134645
0.5689271784089631
0.2509489003391493
0.6086948650687365
0.26157537670362563
0.44110135789270755
0.7269133080376519
0.22866485404471557
0.41697483318455425
0.22001447390626977
0.274708218754284
0.22268461881491242
0.2248004601866591
0.24887375036875406
0.22370666303695777
0.8344121653409231
0.6319749917365887
0.2205282625697908
0.2501996564368407
0.2834226157930162
0.6064419246474165
0.41407395468817815
0.221039392834618
0.6550438657402993
0.3241189860162281
0.2468928164905972
0.41103171060482663
0.2591573135352429
0.6612388491630554
0.6419369639448389
0.22244993050893147
0.23707167023704168
0.6676770058495027
0.593661323233887
0.7245243319254072
0.6764957254131636
0.5123354043291505
0.25253692517677945
0.2455881622362241
0.5474066055483288
0.22269837972190643
0.5871119480662875
0.22404884554090954
0.5864966909090678
0.5582240744374916
0.22072742581367494
0.7046239747908591
0.23357542115028457
0.6370583681728053
0.6382765377099462
0.6178100833271304
0.6466600656509399
0.7335657822301869
0.2716312493596758
0.2792718890640471
0.2142172123073901
0.22821197206420557
0.6458824940431017
0.41575532036297247
0.807526551731049
0.611624333577812
0.2529463286201159
0.25362135621790705
0.6778967902064323
0.35722084244092306
0.2367701381444931
0.6111698670244786
0.683415215240065
0.26055413299900854
0.22050785521666208
0.23408827185630798
0.5964100626568315
0.6761947896962331
0.2633082285974965
0.6148805965979894
0.8202904326546473
0.6174081161618232
0.6575878399389763
0.7062263509344617
0.7074765157368448
0.5372543107895624
0.5514659219203286
0.22163784560703095
0.8354170531402401
0.28613813828538964
0.35344686519216606
0.7466318295115516
0.2233513335386912
0.25982145220041275
0.2414782372613748
0.9024120216016416
0.5238720188301706
0.2197622964779536
0.22898484352562162
0.4987530938269179
0.6291322928798632
0.61939084048223
0.23292534748713176
0.2665636350711187
0.5425857636663649
0.537127302090327
0.33480315655469894
0.6544087290011271
0.22838880474920625
0.5068283627167791
0.7694377396945601
0.8071361708420295
0.6651258144849612
0.7110277113594115
0.343436154226462
0.3497309838495557
0.5376471272020629
0.35963573807267224
0.6251765721374087
0.8199460334563381
0.7654136284760067
0.22761135631137425
0.45619099958978515
0.34243033743566936
0.22670239458481473
0.6370533423291312
0.6386647281700691
0.23547639492012207
0.22660238991181056
0.6689886996039638
0.8801215710463347
0.23519111772378284
0.3057984610398611
0.5019102380389259
0.2414416919151942
0.7267677708277627
0.5579030300889696
0.5149896022727594
0.6382539674087807
0.5501096981283367
0.6138110522870663
0.22464824673675354
0.6214517310888709
0.25660319328308107
0.45399731678593436
0.22553885488482245
0.22502569655577342
0.8433776564068264
0.2926513155301412
0.2958005547523499
0.27287448092743205
0.36218224278202765
0.5254413992977145
0.4753414945469962
0.8038820520469121
0.6263014664489126
0.22640812198321025
0.22261499209063396
0.2262057534285954
0.5469291814808734
0.36820731146468055
0.7297615547210743
0.5470849184301205
0.7727034555541145
0.44417538876255985
0.43788134329246753
0.611205193069246
0.6451437984877092
0.6533499695441654
0.6390212122252379
0.702222339475742
0.5975541214148203
0.5981581505470805
0.5803302408859146
0.4210716037035791
0.31652541797269473
0.7755625648867517
0.5391363763247274
0.2496071441306008
0.26675645344787174
0.5499539620898387
0.5448160701327853
0.6575878399389763
0.43442942529787754
0.3588478327346148
0.22192689114146763
0.22439561648802325
0.6840780835027102
0.22662973454874805
0.2224743358500592
0.22769807953210103
0.3835924172842944
0.5910691256876345
0.5868100514466112
0.533988490038448
0.6023993206574632
0.5809355709287856
0.6116451457063987
0.5260990858078003
0.2463926156361898
0.4939359785775901
0.7660566398391018
0.7415246317783991
0.23690278288863953
0.7988685488700867
0.22072395132411093
0.30185533894432914
0.7454710668987699
0.34074092388153077
0.37361535867055257
0.5252163031508051
0.6022351596090529
0.21678550938765206
0.45157986141386486
0.2197966586911317
0.27364861220121384
0.5947855383157731
0.31373765961432354
0.35891083975632987
0.22183949141590684
0.7646642410881305
0.2346515273436522
0.28785335744420687
0.24001723953655787
0.3386738508939743
0.2360614670647515
0.6537584024246292
0.6790682670751126
0.26661458909511565
0.22504205394674232
0.2613865970461457
0.3104252581243162
0.3433765815127463
0.7617397942240276
0.6170373083651782
0.4868284029265245
0.2899243214300701
0.5042336035027075
0.26477905335249724
0.6443492482406925
0.41508059976420875
0.2639198059009181
0.4535070531070232
0.227676483657625
0.5399600114141192
0.21710941195487976
0.28604853413407766
0.2589340553891779
0.9644025031725565
0.22160006645652983
0.5893194751133994
0.322681033847824
0.3146342729528745
0.24737896610189367
0.22297733194298214
0.32356373452979703
0.27621328168445164
0.5659477065006892
0.4718444267995304
0.6533402935642834
0.3264458826136967
0.678731221291754
0.23267172773679096
0.5151395089605935
0.5081831979846198
0.7243608236864761
0.7810481766386638
0.707798226012124
0.6880784879128138
0.21708211600780486
0.8359508272602673
0.22620173701734253
0.21823911975931237
0.31002325273695447
0.5085794017428443
0.24358687135908338
0.29729602717690995
0.2951059911792774
0.41697146434976595
0.22071818427907097
0.22205324065990936
0.714899195612423
0.5391303593812345
0.22196205026573607
0.5243904362122218
0.6499103582094585
0.2284673485491011
0.22344633522960874
0.21889064520124404
0.2161260663516938
0.345710469616784
0.8039449972360312
0.2804766090379821
0.2351567279251795
0.7388212225653908
0.6176613114899658
0.7186751853536676
0.2979284842809041
0.26113981008529663
0.28430419233110216
0.2785636405150096
0.2308446417252223
0.2511284275660439
0.22644917363369904
0.24361679951349893
0.3421966180205345
0.2311277820004357
0.619513747700518
0.6294465687845936
0.32436921719520817
0.22977887094020844
0.22088127806782723
0.22179056252494003
0.6221648730843523
0.608118415031799
0.436065157183579
0.6358540089925131
0.22197705294404713
0.2502918971909417
0.2943843722343445
0.22986811796824136
0.7645999355181767
0.47582349923055717
0.2304749521944258
0.8610633713858468
0.2345019509749753
0.24366569882019973
0.6370107352776617
0.6591081519264602
0.33095152344968587
0.6448700472160621
0.552742255281429
0.7342432954245144
0.7511250058809916
0.3602618972460429
0.31676241589917076
0.7344821313541499
0.5914204584227668
0.8391047973691682
0.27321553975343704
0.704979339174056
0.5002789058506187
0.482980809041432
0.56493773844507
0.49961313265195745
0.6725290733906957
0.7247444078640584
0.6990323853627485
0.546925297831044
0.319714840915468
0.22445154966961625
0.4680335235787004
0.22835236191749572
0.27985645002788967
0.5092164998962766
0.33461506217718123
0.7518737067570206
0.660471570870233
0.2274063268394181
0.5565586230426869
0.3566578995613825
0.6339391119964322
0.268692347432385
0.5658410848133147
0.2253578782081604
0.7192376940338701
0.5468349490336507
0.6136953495066576
0.2333655584699068
0.27289073127839303
0.7119113951921463
0.48648573012797386
0.2262979286412398
0.240090316037337
0.5474429339663606
0.28408747538924217
0.807526551731049
0.2179283539454142
0.23485100600454545
0.28835896620846757
0.4293617308139801
0.7741863422292881
0.2707980005514054
0.3561360975785812
0.6318949002490051
0.6723508691346204
0.6382646183172862
0.25040840340985193
0.804662972821273
0.22237774630387624
0.22340211145805589
0.6065907777091604
0.22900373968813154
0.6423358585497346
0.5228474338225219
0.6791781922181448
0.3868303590293341
0.5264424178912382
0.5577418019374212
0.7325052620294443
0.22290849818123712
0.3896504796686626
0.4399852755996916
0.4385499260077874
0.23672218413816556
0.7202608342523928
0.5045064290364584
0.3929280315161733
0.225801553328832
0.23086708422863123
0.2610453075832791
0.235538221530981
0.22603971486290297
0.2306310087442398
0.865012026022351
0.22505667515926892
0.3244104436426251
0.2280324004472248
0.26668470296444313
0.24560113333993489
0.22497537250470634
0.23934134551973055
0.6149956375360489
0.6097370753264186
0.7908001065254211
0.634886979153662
0.23254724873436822
0.2514554815159904
0.6194767938885839
0.2524012971492041
0.6815731460770602
0.551056154900127
0.2624753875037034
0.8071230564798627
0.5438727862553021
0.6757293187803914
0.7912582651087284
0.3447953593163263
0.706519388490253
0.2870409985383352
0.7637306495949074
0.29745643656878246
0.2341477346089151
0.6299915843539767
0.22035445383301488
0.7064697291169847
0.67926336842967
0.29206770999091014
0.3835778083829653
0.26721571965350044
0.2684863358736038
0.27239657848170307
0.28569981869724065
0.2165301087356749
0.7810807968179385
0.469526954670789
0.228537356152254
0.6731306857028336
0.2306027326318953
0.750304557327871
0.30100100934505464
0.3543211551239857
0.601752097456495
0.2686441208989847
0.4254187531355571
0.224942446464584
0.5381975478796848
0.2984236362907622
0.2935468253714067
0.5021367536650765
0.5062566326724158
0.7182372007105084
0.21944448881679113
0.5769171615441641
0.22194227557151747
0.6327917347050677
0.47690366421427044
0.22005900614189378
0.7367565942031366
0.7579041070408292
0.3147403742704127
0.2377830578221215
0.35244979336857796
0.3624547805893358
0.23113313616595715
0.7434825625684527
0.24566083153088886
0.7810481766386638
0.6391273267070452
0.5439962901899262
0.5971900421954803
0.614556888739268
0.23525972774735204
0.2252361054221789
0.2426324374973774
0.7990325929941955
0.5319997151776188
0.23409949243068695
0.4341182805190431
0.6448898080322478
0.5939885007010566
0.6693179985715283
0.35053773758903384
0.5774539328283733
0.2298956799010436
0.28694277628704357
0.7503055408360466
0.28817401122715736
0.6596584401012937
0.250955471128383
0.4725152815763767
0.5660986278811072
0.7811448362138536
0.293516356498003
0.5570699356378072
0.45774878552465725
0.7446602148038369
0.23028471533741268
0.3614903037746747
0.46307007455501425
0.2831053880472032
0.22601391126712164
0.22239577201810962
0.23001764880286324
0.7372058731538278
0.6790682670751126
0.6255130704142089
0.7243409554163615
0.3672894131053578
0.8011436592964899
0.4133980006710619
0.7878839653148394
0.23137696848975287
0.6668089441836826
0.533875673659264
0.31631634702987543
0.21849261626364694
0.31326735988259313
0.5964100626568315
0.7079839948203408
0.6031431834471614
0.2273955798811383
0.7568008920211932
0.32745617793665993
0.48026808483733074
0.22873054146766664
0.37637163604456914
0.6598465089752179
0.786985395758871
0.3029004324365545
0.22515602012475333
0.6294001450442305
0.27640296022097266
0.7620728876855638
0.23085291341499048
0.5278167806332268
0.3964840943614642
0.24492380519707996
0.570879109038247
0.728888861147643
0.2855967336230808
0.2218661973873774
0.7626141749112427
0.45964794147897653
0.5396592590176028
0.5962649005832095
0.2331093704258954
0.5514321279044103
0.22644817935568945
0.2359846184651057
0.2483571312493748
0.6178910404443742
0.3695749854048093
0.6559790206276608
0.25814127756489647
0.5237383121535892
0.673667738614259
0.7740325530370077
0.3875152710585141
0.34063041921366344
0.6070976155499617
0.42493949688616256
0.7135398001209826
0.734436129199134
0.22470710840490127
0.592160795060865
0.6954836190692962
0.3642331554243962
0.536307018658496
0.2976829252072743
0.21766529019389835
0.2351040674580468
0.39195628077895556
0.6355288515051642
0.3350362583994866
0.6343676142362289
0.22308730913533104
0.6755271526556166
0.6895751815151285
0.6461379698344639
0.7986262156849816
0.6114067179728778
0.5888306699113649
0.28026097218195595
0.458223498529858
0.6294642571559168
0.6343676142362289
0.3058895015763858
0.5099313662270809
0.22291430789563393
0.656973781629845
0.436358896744104
0.29713754455248514
0.25578667960985746
0.6075859079758327
0.11449727841785975
0.49904311327707196
0.2621532985658357
0.2733548747168647
0.2269162289225138
0.6293932593021637
0.2225763329437801
0.22108846110029098
0.8720385183890661
0.727596511443456
0.5434430723624413
0.2717353440821171
0.22531855803031425
0.42506235573026874
0.22151779565546248
0.6656751111149788
0.7760558238234183
0.5742783176991544
0.7999736938211653
0.2453495293855667
0.48746930658817295
0.5268917103886327
0.7129274699423048
0.232119939156941
0.7455840675288407
0.6868789887156581
0.6430912848101493
0.6313220760075733
0.2433537796139717
0.2692088587416543
0.22556906193494797
0.7546812478039
0.6649061229246606
0.6872939403704654
0.21747232973575592
0.2485345890124639
0.3162049114231079
0.38980074581645785
0.7909355824149912
0.6163687609904815
0.22105587080672934
0.22010902911424637
0.7042206465094178
0.5787281396921979
0.65304407122468
0.6730505642275928
0.2494575725819068
0.33403921789593166
0.5161207203485433
0.31455915835168624
0.6682767321805572
0.22983815272649127
0.2814869897051172
0.6533499695441654
0.7239311655362447
0.29743684331576026
0.5438721092361392
0.55423661002091
0.2299856574762435
0.22444011988463225
0.6438025076707405
0.3654672383000611
0.28622623748249476
0.7791712987570115
0.36354806007426466
0.5765397897859414
0.2440622579010706
0.21994683610068427
0.5243734336561627
0.6190037353250084
0.6312719513144758
0.5735378795199924
0.23021225276447477
0.3423173779690707
0.2604449018132188
0.6116859257773117
0.8145822595982325
0.40414105445619614
0.7673646406626996
0.7894262035687765
0.24206769053174665
0.7149625623667681
0.9032002011934915
0.5878669937688206
0.7463055968284606
0.27317093021024474
0.2339050982837324
0.27569525500740666
0.6575590040772668
0.5907235533472092
0.22629363007015652
0.6322249078180961
0.8096883681085374
0.23567670507308763
0.2300345931379568
0.2206195897999264
0.2836444834997971
0.23151176298658052
0.6076631565085966
0.6276367634835869
0.6642346400353643
0.23460763527287376
0.5406648687317841
0.23227146872968385
0.721912904421537
0.23718986522268365
0.2561870217323303
0.22610574739950673
0.3618456781790436
0.622673018111123
0.3924066156148911
0.4210085973767147
0.22482576274446078
0.24203189497902278
0.7827620823231954
0.45565192254973047
0.6098684744229392
0.21930345490811365
0.3822331563631694
0.6716122407626672
0.7324199520217047
0.2745271128912767
0.8048744258426483
0.7009938975175222
0.30884722653362484
0.3176251881652408
0.26421837632854783
0.2273849749730693
0.2584406907478588
0.6389854806440848
0.24698252302628976
0.5662173165215386
0.4200967516217913
0.5710676244195597
0.2258624512524832
0.21799533896976048
0.33606147280324505
0.4547923033436139
0.5237774779800615
0.22457657092147404
0.6702600583907158
0.2361292963226636
0.23470510203729977
0.5564801232080266
0.246777369425847
0.24873709272254596
0.7641200289524421
0.2575039084468569
0.4869279875374927
0.5067434705668427
0.4402405718962351
0.23105484800679343
0.7620106943809625
0.3673494349942248
0.22577268997488537
0.704520197762077
0.23879711519158076
0.22540181268144538
0.3301165325774087
0.4181553387925738
0.24479470252990723
0.6402044039633539
0.2195953412188424
0.49292594359980685
0.3482231845203628
0.22305845676196945
0.5227024477941018
0.2224995146195094
0.24824461522392738
0.7567410788027877
0.436358896744104
0.6705726027488709
0.22406168902913728
0.7179417187968891
0.43781997760136926
0.6159662760628595
0.5634365386433072
0.275187178586538
0.6592126475440132
0.2300791190730201
0.49234822695217434
0.48912466612228467
0.23812380894667373
0.3244104436426251
0.4903402722323382
0.43266413675414195
0.8658094051338378
0.7929406935969988
0.26034697488186853
0.6648426560317579
0.7699730157852173
0.41914038473651516
0.24810846596956254
0.22501344651435362
0.22523768867055577
0.35148275582229394
0.2537667718198564
0.5415820264941107
0.32029166320959723
0.5291489810224563
0.6975281451429639
0.7593236055639054
0.22044940671277424
0.23779256625307932
0.22618905206521353
0.2228294014930725
0.2660838470414833
0.5693491895993551
0.22338661012195404
0.22226917122801143
0.22481422250469524
0.7094361887438587
0.26958055711454815
0.48618478434426443
0.43213509105973774
0.22490735407228823
0.6139525754584206
0.36330591086988095
0.7932355618476868
0.6548069492534354
0.2668994847271178
0.22230157019600036
0.26366349889172447
0.7927017322293035
0.7880398302797287
0.5133702557120058
0.8679020577006871
0.2267544749710295
0.24938507278760275
0.5309415294655732
0.40583996339088063
0.24623610958074912
0.222117018699646
0.8265489425924089
0.44949347088261254
0.31634010698744863
0.4911731163151244
0.6965613813982123
0.22809699012173545
0.21613495758286227
0.7295365014461556
0.6671214090453254
0.22591001678396155
0.5926565955383608
0.7877702995425179
0.8195162497117999
0.2604449018132188
0.23203962006502682
0.22440585194441376
0.48725137635795324
0.38198285301526386
0.6016555817471856
0.7149858171189273
0.3173728963600941
0.23910228755229557
0.3385811528811852
0.8846485465764999
0.6232156646535509
0.22887103756268817
0.5129426831290835
0.31748767556288304
0.11107077399889628
0.32806044618288677
0.5534466949951502
0.8344121653409231
0.22186288249398034
0.22513147195180255
0.2403606762488683
0.3008107569955644
0.6183900203023638
0.6739709076541957
0.31758526997801695
0.2283301874443337
0.22986032083781077
0.6981022829810778
0.6311570276689326
0.33350170207402063
0.62855146120465
0.21757972240447998
0.24413541711942113
0.22567371030648548
0.8011598418524236
0.5304050068165679
0.34557957467105654
0.6126115614054154
0.592316222043685
0.25127370996134624
0.3229407850239012
0.22478621218491485
0.28699232886234916
0.2522401613267985
0.6981210114700453
0.7355655118451367
0.23489296519094044
0.7417915556165908
0.557023911831068
0.7902979437951689
0.2275504730641842
0.2200763237973054
0.22145932827919637
0.5125462969774922
0.31694534359834137
0.7228505995882538
0.6784583926200866
0.3267540686359309
0.22983507613341014
0.7017417997121811
0.7172935240088947
0.25420543990838224
0.6429367558638894
0.26254010144461937
0.7629758603870869
0.2347087664481921
0.27931460117300355
0.440825908412837
0.22015588641876266
0.21990278517758405
0.5983576443460252
0.6559787220898129
0.22367738542102633
0.71042330981075
0.6673074584040377
0.5395401085363914
0.22763485489068208
0.24542403197477736
0.5021763344495385
0.24874726434548697
0.2463457744154665
0.24940869377719033
0.9570160765706758
0.2929856504003207
0.2334779467847612
0.8316261936117102
0.25489609384978257
0.8042036585539643
0.21489097509119248
0.6114067179728778
0.6205064139248412
0.796143782304393
0.46885525690012675
0.5539393578169277
0.6422396254057836
0.7668080308844173
0.627178728138959
0.22531040509541828
0.2589621374767924
0.6499150941769282
0.24647499183340676
0.33122558891773224
0.23050325529442894
0.4529881505739121
0.22175215805570286
0.31926585258025947
0.6168667487122796
0.25042136038593976
0.6503280219932397
0.4366924186232229
0.5527910481743148
0.4702895123834678
0.6681648866905199
0.5938692859477468
0.2579618966505851
0.26783848686350714
0.6793064556570134
0.791874141203434
0.7408423525258404
0.29395366247211185
0.2574457037992287
0.5719805128031037
0.5937500653963155
0.2967758675416311
0.6264154218492054
0.6981761548254225
0.4022801859038217
0.3487199289210535
0.6807987683568988
0.3113775630432376
0.36383758695037277
0.3692097507527581
0.43739270522893325
0.5792468170199531
0.26982416179445057
0.2396649606525898
0.22774428616440484
0.26585899462754076
0.8313323598768975
0.6442127443022199
0.29042598605155945
0.5192363851647444
0.22727306589247687
0.5489619734637465
0.3868338834557068
0.2516660127374861
0.7319313861558466
0.5547023208909023
0.5366956081891817
0.5689271784089631
0.24465198732084698
0.22636007716258366
0.2244984059483855
0.2269546632413511
0.4535462934346426
0.7973951653000855
0.21490351055507306
0.3257117279164203
0.4837242740171927
0.6757426261901855
0.29110363125801086
0.5402244138411986
0.2592456407017178
0.30096524208784103
0.3077551355516469
0.6867995210208748
0.29648831519815655
0.2193184160130285
0.6919729543555063
0.5257326720795392
0.49002748396661544
0.22746131552590265
0.23597566239417544
0.2683321480003614
0.49166480971480603
0.23692306462261414
0.24976024042927858
0.5225945047618634
0.658972578389304
0.3129965170390076
0.22828797914169646
0.6770731109103358
0.5358237010461313
0.22126005424393547
0.7548003903715126
0.8432192432659643
0.6793525881487625
0.2281907740290518
0.8877650537944975
0.4250705031057199
0.24848269059872014
0.7147517032634104
0.2166969759341998
0.7232780555303101
0.22999891859513744
0.3316019367840555
0.5108598851164182
0.47547802991337246
0.21582610342237685
0.27560337106168487
0.3461197863022486
0.7200043278711813
0.8871200053780167
0.6677458222707112
0.5223394383986791
0.22439622926333594
0.6198428963857984
0.2815479084297463
0.2516486971742577
0.5158837292190793
0.3626837981519876
0.22788517232294436
0.31612280673450893
0.580805097097232
0.6502512578808126
0.2550595121505933
0.47797231929642814
0.22018582520321903
0.30807528860039185
0.27314738909561165
0.2737169560616609
0.3955968211094538
0.7031361068998065
0.1225114439924558
0.6901300267333206
0.47027183373769127
0.22853141752156345
0.6627658664444347
0.22354961004522111
0.237029129195781
0.7580498735109965
0.28469093988339106
0.2742055522070991
0.5904742505870948
0.6012097281786898
0.2539362385869026
0.2307420574192308
0.22602135721470645
0.8539508383511464
0.5683548957771725
0.2809624796112379
0.376637480325169
0.8103109134568108
0.23449310610189983
0.6457657760205379
0.22943980958726673
0.4822909261940649
0.581696926714882
0.29469519768685015
0.31364040109846325
0.5366574712806247
0.3186534967687395
0.6588772748965298
0.296302966513331
0.3912545825753893
0.6334735175687023
0.8707461377858242
0.7283005271627013
0.2175559801714761
0.3764177505813894
0.8483607199456956
0.32894302637149125
0.5838294833425491
0.24438558977383834
0.3410438166724311
0.2481601670305565
0.48932417285390745
0.6344043736104612
0.24497995724280675
0.45138688761778556
0.645655339218119
0.2518364240725835
0.22541949815220302
0.29145194341739017
0.6617809515150767
0.24304088534730853
0.6039433309719675
0.23048271238803864
0.2190312448475096
0.4468933308408374
0.24233778246811458
0.7299776885665072
0.4998762599769092
0.6955128174839598
0.2768501745803016
0.7928368923840698
0.4584588209788005
0.2945774798337211
0.3403642243217854
0.23892605635854933
0.22488809000878107
0.22272798311866188
0.2221045241587692
0.7415588145906274
0.6506973690456814
0.26585396462016636
0.6237564748557156
0.5324844400087992
0.5645488139723434
0.6932587391800351
0.6236069028202073
0.240098570783933
0.44488161092712764
0.228381453288926
0.2795721044143041
0.2986256281534831
0.6680629276418473
0.510992848447391
0.613456789670246
0.22497812432271463
0.5873253829777241
0.23447941492001217
0.6148805965979894
0.6343676142362289
0.24619963765144348
0.24482221404711407
0.6699709943047276
0.236753447543061
0.27596832324866377
0.22473894733758198
0.6269632533744529
0.24515494727899156
0.6367056657056461
0.31847632428010303
0.7519023070732752
0.2407212323612637
0.3770955865314245
0.320911393279121
0.22601713968647852
0.6991199559635586
0.6580892139010959
0.6854360593689813
0.4010308665179071
0.5721491614425623
0.4759722167537326
0.23476754890547857
0.8260474656567428
0.24838663231242786
0.3971850368238631
0.23381349799178897
0.577878882119685
0.9237273947397868
0.2388969647190558
0.25835073930876595
0.2167140431702137
0.5310968164571378
0.3195051630338033
0.6808856004287326
0.5833692810551486
0.22969087958335876
0.7997919241587321
0.3943651708689603
0.2748343426771838
0.22574321059589714
0.24522852353633395
0.6166896303494771
0.23769526070072539
0.7114533225695292
0.2222845742196748
0.2479142063745746
0.2173372624648942
0.5259162943356883
0.5058396036426227
0.44804810649818844
0.43691326305270195
0.6683042500700269
0.22056959205203586
0.42237649969026153
0.4074135780334473
0.9497238102585379
0.22689450567676908
0.6012806571928072
0.25691884176598656
0.8937771938465259
0.534651866224077
0.22696882237990695
0.770568893289115
0.23853266419786395
0.3453124629126655
0.26821378618478775
0.31758526997801695
0.32958457657387336
0.6374590753244631
0.2361215367913246
0.6423741141955058
0.3146905749563187
0.24106031295024988
0.8172809577951528
0.23498786439498265
0.5958336316258334
0.6335548020084594
0.2239234659406874
0.24677803096098777
0.6101494401352467
0.2364723667120322
0.2648263082144753
0.7189158228023973
0.6868751098239233
0.3333131916466213
0.44182447972205974
0.49305528741349625
0.2165850497506283
0.6413467854091583
0.39697855427151635
0.7196724348598056
0.6691183655350296
0.6249933057361179
0.5617451838084631
0.3870899518330892
0.22517273255756926
0.6792022781884688
0.5358237010461313
0.6182584934764439
0.6071136102062593
0.22925763825575513
0.691693711848486
0.6007697141058217
0.7779168476240923
0.29510745770401425
0.8607088110276631
0.5534466949951502
0.22447777042786282
0.23504765927791593
0.3332116141260325
0.2373416363089173
0.221604798339371
0.41637387402631615
0.650955200890625
0.7439448834937296
0.5562660061803638
0.8442389957110088
0.6379756672041756
0.2873393285842169
0.24363979697227478
0.5590947579344113
0.6022518144022245
0.45962445533044327
0.3900942055384318
0.23599543292371056
0.7055120333035788
0.5959998899035983
0.2216978947321574
0.2938114328906427
0.5011449957650805
0.22619968230525653
0.6557346689723464
0.7962974097993638
0.2267083144850201
0.2225150833527247
0.43128124340659096
0.4050571338997947
0.29046388908668797
0.24915142705043156
0.4813110628379582
0.7741890398282852
0.5875723503534407
0.2230839005022338
0.28301266415251625
0.29467158792195497
0.23869846612215043
0.23540295916374285
0.47726592342689556
0.25566022210952005
0.25296496190236845
0.21717228326532576
0.3024970359272427
0.6365209971037176
0.2505266921860831
0.8151346729861365
0.3351354516687847
0.7894723607434168
0.25460277474115767
0.7117697166071998
0.606265490608556
0.7272647608209539
0.3884364143013954
0.27804456485642326
0.48797041619265524
0.2461663408157153
0.6438934577534897
0.22250429540872574
0.6272478311038856
0.8983842200703092
0.7059256003962622
0.23056097355755895
0.5833692810551486
0.2713125438917251
0.219090170164903
0.5481404028241597
0.22578276219693097
0.6955251749727753
0.22313378047611976
0.21884439918729992
0.3577192134705801
0.44765576558432196
0.6037067373593648
0.2799843770486337
0.5821884017181459
0.2607794090395882
0.6576926383707259
0.275174398554696
0.22693591515223185
0.2840707077429845
0.7556939311128444
0.5685191407760299
0.7773535589061717
0.2665916579189124
0.48405983807548647
0.5814041448060913
0.3021905144925337
0.24954396155145434
0.24448363896873263
0.2325412974589401
0.61011036776361
0.5081400911013285
0.40250622700242433
0.23784914156969855
0.23306430805297124
0.6976639405645505
0.5700266657682953
0.8397648301389482
0.8175474328023415
0.2785977294205358
0.49945005195008385
0.22648512063518403
0.6499478866656622
0.23009923360650503
0.5120691452363525
0.6619706799586613
0.220798929532369
0.23799730961521465
0.4738651698543912
0.42665868224921044
0.785740065574646
0.5231011734332568
0.22311395903428397
0.2301441572961353
0.7854445157227692
0.535661504240263
0.8914478580156963
0.4362291061176509
0.2757371662955581
0.8053786208232244
0.5081400911013285
0.5161122565468153
0.5486460228761038
0.5133702557120058
0.23847205089587792
0.5615093544835136
0.27858870275436887
0.2219740181015088
0.5954452408414309
0.6958441482649911
0.42399200052022934
0.5568604624565736
0.46883090314539994
0.6490017788277732
0.6140019085887191
0.9277604738871257
0.5464682801052777
0.6333558180968368
0.42820790784183516
0.24900566173924338
0.6595862729997232
0.40858934285740056
0.6325272478754559
0.7113331942646591
0.779081514146593
0.5934221439221233
0.4921451012293498
0.22598084360361098
0.22588749809976502
0.24356950661449722
0.21849586882374505
0.22110797906363452
0.5165162677395624
0.5824634142198793
0.6837864669542464
0.5495988130569458
0.23222009137724386
0.2855079714768852
0.22596446761378536
0.21903919601681257
0.41371389985084533
0.23975145088301764
0.4605830404349571
0.2670819299540135
0.34629412337299037
0.6458719442839975
0.4487213170899209
0.7040764190368793
0.5259476408546354
0.27305993082977476
0.5717485140831697
0.21729671011368434
0.23797265390555064
0.30067885691920915
0.4907771746317546
0.3352202734303853
0.667416188211152
0.44774046879675655
0.7281851112670541
0.5308232235587407
0.22961281206120143
0.602153918894268
0.5556586851850588
0.611426679260276
0.5124137624405851
0.631314408211481
0.2851136446826988
0.4648270271718502
0.6793064556570134
0.7581005118719197
0.700164538025856
0.22191742310921353
0.22528009613355
0.6735704847562114
0.30426581824819243
0.25486870027250713
0.5211700212473822
0.6677966641958314
0.28307508846575563
0.5276550162922252
0.23365439038084013
0.21994824806849161
0.28847636475607197
0.6170021922815414
0.5421960521904498
0.2740332815382216
0.3594855508870549
0.7586944262788753
0.7317134749006341
0.781161175862919
0.5877464045896943
0.316579973946015
0.72826220591863
0.22891281600351687
0.6845304652822096
0.6384337514418144
0.25227262948950135
0.594557460058819
0.23865990269751775
0.38982124397994344
0.3599206934372584
0.2157965741223759
0.33732736441824174
0.40186848981039863
0.2315605825611523
0.3973583910200331
0.41283543242348564
0.615099557137746
0.2493952526932671
0.22935575066190778
0.7997919241587321
0.5696011349144909
0.6583644368582302
0.23818686161012875
0.28568810703810193
0.25712660380772184
0.23411055008570353
0.6517069067273822
0.6490279878881644
0.5564801232080266
0.46195014715194704
0.5995929170480537
0.29523055752118427
0.2437052277130482
0.6735671093674744
0.5358237010461313
0.7023030193079086
0.2276442821119346
0.36672825433991174
0.7458400229612987
0.29664558527015505
0.6194646273340498
0.5355697714147114
0.2348527821025463
0.2931420775475325
0.7367508440381949
0.23034343202278096
0.33697458704312644
0.7961391632755598
0.22758353661607814
0.36595214655001956
0.27702241390943527
0.6670226702003768
0.24133691978123453
0.6428037036032904
0.4838257415427102
0.5663641847900973
0.6257934712228321
0.7257945272141548
0.714512935920998
0.24257258845869972
0.2190710773973754
0.5700878978266147
0.22831986419255956
0.22004215982225206
0.5682204188388071
0.5720494670527322
0.31293663760026297
0.6236456043852701
0.21832235599612143
0.22543095661835238
0.7198413904507955
0.4537799801609733
0.28220770383874577
0.2217346380154292
0.22639530566003588
0.596226168530328
0.41993973482222785
0.22179758737957667
0.5837197106414371
0.4687439092883357
0.5780451162294907
0.6486464294570464
0.6614808153223108
0.3590851295261811
0.42058091044425966
0.7428031038538909
0.24401940902074176
0.3750234325726827
0.22141386116995956
0.22368009420700402
0.48912466612228467
0.2296165978467023
0.6013760683612791
0.3496819930344419
0.5209318697452545
0.6577478898896112
0.4162215849177705
0.237253617698496
0.2543399818241596
0.3884364143013954
0.6715610445346297
0.6507630162738233
0.7084674133022797
0.5879354850210324
0.24470725158850354
0.2657869156627428
0.7256124897537006
0.7076030807617383
0.5463066210814636
0.22098995993534726
0.24121093187067244
0.8996563222673204
0.3802318706044129
0.7405131743067788
0.8844126872127017
0.21078259497880936
0.24003092589832487
0.7275175028377109
0.2799894404080179
0.22804255816671584
0.6312039567009797
0.7270869800338039
0.7660482544038031
0.2582070987002972
0.7107434578988918
0.23323043766948912
0.7447284600800937
0.4155669172604879
0.25505574090140204
0.22167194296013226
0.21564517824938803
0.22005878587563832
0.24073276050163037
0.22804560027425252
0.0
0.5032415746866306
0.5860278155477274
0.2283636149432924
0.6835645781622992
0.33204719164068736
0.290981022020181
0.40890003641446426
0.80481407502632
0.2733812812893164
0.6627914445740836
0.41770903368790946
0.2768449495236079
0.771305525082129
0.6072424693019302
0.24581508391669818
0.48770546446243923
0.24685255465684114
0.7116488377253214
0.23482818570401934
0.6586006636236921
0.23544031210017927
0.3953286844491959
0.5858978692192567
0.7763917541314685
0.23208735717667472
0.5689271784089631
0.5321522763481846
0.23931310111374565
0.5689853532913438
0.22410714224217432
0.6479291899838432
0.22055491407712302
0.7951071440542816
0.27237146623708586
0.6470070077313317
0.44087869072115266
0.3840971241394679
0.7105472734377642
0.291220650628761
0.22285606591110557
0.22966837741079785
0.22616274886661106
0.5701217660828242
0.6342752368161172
0.8387868890055903
0.5447263664255539
0.6108744886788455
0.482980809041432
0.7902592592769199
0.22301771740118664
0.5740737285878923
0.5320843042273354
0.7940704934559171
0.6725334893491932
0.5564858277402227
0.5677188950104746
0.5965223908424377
0.5536475598457313
0.5196235418319702
0.8786702638055072
0.38520938975740726
0.5995514199604676
0.4032774747364105
0.5089851771870618
0.43062629979333755
0.28047433826658463
0.5009717161456744
0.7353873511865026
0.7825470417737961
0.6312516191534179
0.7526610828476188
0.41634413446735974
0.720487027808472
0.22757866084575654
0.22160127245717579
0.24236745503213672
0.3014685447017352
0.23919802904129028
0.28258408582399763
0.22419455382559034
0.5667824054725914
0.5279726143236514
0.2253137598435084
0.4608075967942825
0.5135243090625768
0.6638706063841262
0.7373027214928278
0.3028938499865709
0.32071973099595025
0.6913147514065107
0.48722815360778415
0.5686591629289155
0.6345365611712137
0.22836072172163524
0.374853045852096
0.8086394610859099
0.5371309274100268
0.2351779518304048
0.781161175862919
0.30755040960179436
0.6142643294605629
0.3143316964308421
0.5016190844141084
0.6591104748885127
0.3296487358483401
0.7927017322293035
0.22996257609791226
0.2277626661590604
0.22729766131126644
0.48920880277951556
0.5834794180963176
0.2927743091125681
0.2197369842065705
0.4189305480510469
0.6598465089752179
0.7482902301682367
0.7854636044213266
0.7290975054262807
0.22432427729169527
0.5515050710666747
0.6208590095241864
0.24212046133147347
0.2208219987374765
0.644247096209299
0.23190337845257353
0.5823323034332
0.6622329562429398
0.4623742792341444
0.6930144063714477
0.24012656438918342
0.7296934069106072
0.7594958602545172
0.6236069028202073
0.6396263341354244
0.5710676244195597
0.6993886251298208
0.8407036303002157
0.6259093189681019
0.4979294137078889
0.26086082408825556
0.3457798548042774
0.38350613691188673
0.29832063981937984
0.228118780006965
0.25232927477548994
0.37229864953686953
0.7312629352381199
0.2848195419425056
0.36354806007426466
0.2284883780611886
0.6486485203107198
0.6617809515150767
0.5564801232080266
0.41571064495746
0.6389136811097463
0.635278687575314
0.36703030268351233
0.3487046283704263
0.25724883874257404
0.23186881433833728
0.21991044394671916
0.4894854035367181
0.4495456340136351
0.693560900511565
0.7058718403180441
0.23313464874571022
0.21944037957323922
0.2520974201184732
0.3025025797612739
0.21699244976043702
0.7963612195991333
0.5609473963924663
0.6583703550751563
0.4048584700892211
0.21810223907232285
0.6646721884608269
0.7416476860689738
0.6339398714758101
0.23178931453613322
0.27013356877224787
0.7648324815053789
0.5595053112404977
0.24070875275702702
0.665511844334779
0.5420690046644792
0.38767857659194205
0.6210733122295804
0.6665842172977138
0.5956658494341505
0.626388255920675
0.5708694425759131
0.2306784677008788
0.38174055134992535
0.6805558482805888
0.2461691593958272
0.8251093420717451
0.23014049706635653
0.572320294049051
0.22852858404318493
0.511744327015347
0.22666419446468355
0.23169487631983227
0.5488248071973286
0.260892226740166
0.6617504278818767
0.29861220369311814
0.44644233726319815
0.2410810970597797
0.6172522636160018
0.3404745221138
0.7295552372172045
0.6018691590338041
0.25951506388493073
0.7039540236646478
0.23908698905712714
0.8954165991147359
0.4847497605615192
0.2241863255147581
0.2804468801753088
0.6072296230479924
0.2285863800181283
0.7989946587218179
0.52773314366738