-2.33867409825325
-2.281936960142167
-2.3599716474612555
-1.9931037916856653
-2.4849675611445776
-2.3705050869190947
-2.221822750000727
-2.3135160289961716
-2.297718028632962
-2.0224883459052263
-2.008625538260848
-2.4319740533828735
-2.393604450109528
-2.350273704954556
-2.2118629751106105
-2.340652566889058
-2.3290972855032943
-2.4452029905821147
-2.409451637417078
-2.419720573503463
-2.306837025284767
-2.1451799472173056
-2.225365059417591
-2.279175560085141
-2.110217869281769
-2.30861082592526
-2.326683622516998
-2.3604073333740234
-2.063431490035284
-2.3595405968752776
-2.2831823229789734
-2.330048034065648
-2.3494354827063426
-2.481602020561695
-2.1998905862371125
-2.316488493233919
-2.2761466810780187
-2.383027352784809
-2.2273523864291964
-2.271403076431968
-2.2809242814086206
-2.2512534792934145
-2.217540212531588
-2.272567199122521
-2.163396700223287
-2.276270001653641
-2.3630544072703312
-2.33489029109478
-2.364502322673798
-2.5205999121946445
-2.405429543870868
-2.4784764196421647
-2.2626951414605845
-2.803048139268702
-2.144269663460401
-2.7470242977142334
-2.209533842546599
-2.3019982486963273
-2.094486600160599
-2.1507231045742423
-2.5806201804767954
-2.336229161421458
-2.366928981883185
-2.4503295289145575
-2.4625418277887197
-2.2025432510981484
-2.2472173452377318
-2.235010961294174
-2.4346722528852265
-2.455341935157776
-2.273690888175258
-2.1420953098465416
-2.295856080557171
-2.047032589004153
-2.2798964835348583
-2.2423059940338135
-2.363689495758577
-2.432306435178308
-2.3078252843448093
-2.203886860295346
-2.511793771097737
-2.340356418641947
-2.323605942726135
-2.399985211236136
-2.314653580939328
-2.2199813686311245
-2.22834845383962
-2.3985428580870995
-2.2824574038386345
-2.3851470768451692
-2.4478360414505005
-2.2390162847762882
-2.076742536491818
-2.2680115401744843
-2.3578505321990613
-2.4928992837667465
-2.3262582744161286
-2.456585885087649
-2.4338926946794666
-2.2997065101351057
-2.273970075275587
-2.3453775596618653
-2.0225772047042847
-2.3069429686293006
-2.2722996942332534
-2.116385619429981
-2.6297764052515444
-2.513311987831479
-2.2980780195682606
-2.3843018968900043
-2.3810721196626363
-2.263971563960825
-2.3557486840907265
-2.383293057555583
-2.2696200055735454
-2.196817007660866
-2.1770271968841555
-2.360628328233395
-2.1020989368359246
-2.20350691534224
-1.9005028430153341
-2.4161500313452313
-2.3020649313926698
-2.2732948064804077
-2.2002017641067506
-2.105717534678323
-2.298607043730907
-2.305186911540873
-2.471106748370563
-2.180774112045765
-2.2288754276327185
-2.164437608076976
-2.0787944728913517
-2.445402660231659
-2.3545177088064304
-2.2110096506170325
-2.212557241834443
-2.4356164152805624
-2.088723563311393
-2.2769562725036865
-2.1715624499320985
-2.269556302290696
-2.092267905793539
-2.743236574633368
-2.450020785842623
-2.3332837459652924
-2.38016902385874
-2.4107782719498974
-2.5064133426238753
-2.4472566832756173
-2.7251967509587605
-2.2699374534049124
-2.1571173582758223
-2.356005755235564
-2.5973780073902826
-2.345991083166816
-2.298916303194486
-2.4663675255971413
-2.316050574183464
-2.0659472722756234
-2.420692630112171
-2.530190979179583
-2.3296423696336293
-2.4019904100533687
-2.321403745947213
-2.6195623127240983
-2.088964048027992
-2.2977608853373033
-2.1356246659630225
-2.2760052066860776
-2.5378825942675274
-2.315637084153982
-2.041125818093618
-2.2924060500585117
-2.2984829826487436
-2.527846320679313
-2.2956215601701
-2.3163827061653137
-2.2188976991851375
-2.2575397740549117
-2.2955960493821363
-2.3795400403313716
-2.2660837757821177
-2.4521930207808813
-2.3961027670990336
-2.4822821101626835
-2.109795641899109
-2.1653003318637025
-2.705697434789994
-2.171794321388006
-2.216381950903747
-2.461105908666338
-2.4361788630485535
-2.448113778233528
-2.455212195714315
-2.4772105713685355
-2.3544461521609077
-2.378710763127196
-2.337640835179223
-2.2662030490669043
-2.170219409756544
-2.3347977168524445
-2.2401670339779978
-2.227804428764752
-2.202090844511986
-2.1218720149993895
-2.3764499075272503
-2.3795400403313716
-2.204493429444053
-2.343726082281633
-2.450726356357336
-2.3970432309877303
-2.605273514986038
-2.2894616592675447
-2.275172425640954
-2.3877877990404763
-2.3112733747999545
-2.645955736820514
-2.306576938464724
-2.2054475416307864
-2.327541420459747
-2.2341652584075926
-2.454266440868378
-2.2061521343646513
-2.275841465767692
-2.4676676181054886
-2.640727642810706
-2.226541578769684
-2.125987778449881
-2.4305224465696433
-2.1020989368359246
-2.2342987920229254
-2.496350483894348
-2.360168182849884
-2.3279244005680084
-2.218785043115969
-2.3553191423416138
-2.3604073333740234
-2.3814561454261223
-2.164026719682357
-2.219962620486816
-2.5946971111827426
-2.6060519456863402
-2.349110671702553
-2.2705918607257662
-2.1420953098465416
-2.2604165162358965
-2.166720968272005
-2.353805242265974
-2.156662580578826
-2.182788996696472
-2.4061471919218698
-2.2073311857555225
-2.5499874614179134
-2.2008027444806015
-2.12379239155696
-2.417283054711162
-2.1987637258492985
-2.3693204071463607
-2.7280898888905845
-2.3693219975188926
-2.1384911184961144
-2.617204925593208
-2.3735183616017186
-2.2896447632047865
-2.1923684197313644
-2.336511572202047
-2.3158865419088626
-2.2281390611941996
-2.0257498665553766
-2.1807360649108887
-2.233568415274987
-2.185306760072708
-2.1087462778749138
-2.2045307551111493
-2.3333160335367378
-2.5231676612581526
-2.0706080527682054
-2.1969191067254363
-2.2856978929561116
-2.348193449002725
-2.523367459575335
-2.5911096036434174
-2.0269437099204346
-2.3004810412724814
-2.2314810229510798
-2.447068207914179
-2.4802181212628476
-2.238636632760366
-2.3242607057094573
-2.1422280627627703
-2.2749539385823643
-2.36406783804749
-2.3419412538923066
-2.1000431670862088
-2.2130464444989744
-2.332542302561741
-2.388419168966788
-2.164657534385214
-2.361879054380923
-2.4196864056587217
-2.3547380974418237
-2.4816979318857193
-2.4378388472965784
-2.2189609117997
-2.3602458357810976
-2.226704557736715
-2.184810234950139
-2.353703579841516
-2.2858572831520667
-2.2107244244328252
-2.2636361626478343
-2.5031587982177737
-2.316536258567463
-2.196511121466756
-2.2845237255096436
-2.271279142016456
-2.1952717781066893
-2.2533584970694323
-2.196660225731986
-2.202142857986948
-2.224762696208376
-2.2275549783263098
-2.2705472707748413
-2.314252082258463
-2.3584427252793922
-2.084927055570814
-2.1606482837511147
-2.224434379321426
-2.3867296711091073
-2.3229073798656463
-2.3018877163077844
-2.02736257144383
-2.685977667570114
-2.283092689055663
-2.462540598710378
-2.365931712347886
-2.360389093203204
-2.446649367159063
-2.455321233922785
-2.2894754448244647
-2.2114653976067253
-2.4018195043910633
-2.731805083297548
-2.228862159068768
-2.3367271033617167
-2.208684342972776
-2.3284897397204145
-2.1941208370188447
-2.202296011669691
-2.3245169430068047
-2.354211162904213
-1.959209741730439
-2.151591753959656
-2.219962620486816
-2.1068078821355645
-2.1793640921081323
-2.49203601349955
-2.548908310551797
-2.397448471876291
-2.1806167507993766
-2.0847468227148056
-2.4860454445535485
-2.198967394621476
-2.350069654398951
-2.339517582030523
-2.143547484103371
-2.2579336887911747
-2.3930155524501093
-2.7137616157531737
-2.1467113155457707
-2.568549544446998
-2.1948757701449924
-2.242414747123365
-2.161019554138184
-2.1728883750403107
-2.1264267643292745
-2.3778760184844336
-2.246240326336452
-2.247389225398793
-2.035154337232763
-2.491499552130699
-2.5021215860660257
-2.3190018444350273
-2.12904820949943
-2.23002623518308
-2.162249436143969
-2.2490488580755286
-2.2019479079493163
-2.4102643750748545
-2.1680802299130346
-2.1612487974621
-2.197993262608846
-2.3087292993277835
-2.3337573853406037
-2.1545235657691957
-2.3155863881111145
-2.0627505448129444
-2.5520758177294876
-2.228004928997585
-2.2091893649527004
-2.2362648502309272
-2.206877963883536
-2.2138498074868145
-2.0642810583114626
-2.3163827061653137
-2.1628908703201697
-2.2797527293689916
-2.17744066623541
-2.413863961185728
-2.3374963669941344
-2.141679893840443
-2.2406799576499243
-2.2269157423422885
-2.228564288218816
-2.3173845325197493
-2.2440405998911177
-2.2770885199308397
-2.597616551099
-2.3492239433176376
-2.115372186260564
-2.219762210845947
-2.4893265940524913
-2.275421621664515
-2.3191712407962135
-2.316180140321905
-2.220193474633353
-2.204523518167693
-2.194718338073568
-2.3054280896340646
-2.3575045508997783
-2.3906921451742
-2.1571292357011274
-2.279870044101368
-2.2909497781233354
-2.3112841176986696
-2.315625548362732
-2.5237982720136642
-2.554536732179778
-2.4412465620849093
-2.1057197671187553
-2.287043565197995
-2.4634645720745656
-2.313485833009084
-2.260731259981791
-2.268527874946594
-2.340373639137514
-2.395993411540985
-2.2452733372197007
-2.364561148665168
-2.395671503411399
-2.0727570965886115
-2.5653370431825224
-2.29472778737545
-2.1338046179261316
-2.149217128753662
-2.514154886498171
-2.4769110735072646
-2.265548652724216
-2.257260963320732
-2.4559026271104814
-2.3890104228799993
-2.337640835179223
-2.1897140624730485
-2.315971679157681
-2.404107124641024
-2.478678125016233
-2.2446621410986958
-2.2080256320812084
-2.13769921201926
-2.3073946849719897
-2.103321627846786
-2.3657266047765626
-2.4746323969899393
-2.0122576324563277
-2.1913084084704773
-2.2423626276162953
-2.0370503287566337
-2.474632351398468
-2.4000216045895137
-2.7042575776576996
-2.2402434676885603
-2.242967492655704
-2.3084209583423756
-2.1589609514921904
-2.3394447371766374
-1.9139207754379663
-2.278146109797738
-2.156021237373352
-2.2314116451102244
-2.3075654230466704
-2.3887929989367116
-2.0898277035781314
-2.2199235901688086
-2.3184435716042153
-2.5231676612581526
-2.265011187522642
-2.4164189132777127
-2.2788143020409803
-2.2203410926618075
-2.2082661447070895
-2.2409629214484736
-2.1319186296314
-2.3144293166697025
-2.33020579127165
-2.37337707665007
-2.4156268642794703
-2.2839034366607667
-2.1134392072757087
-2.4034447086893995
-2.4828023378338133
-2.3644892387702816
-2.537764893637763
-2.492685389518738
-2.2288754276327185
-2.4603298361654633
-2.3490566346380444
-2.390938374839845
-2.364438477315401
-2.2248047460348177
-2.1349089354799506
-2.233364088968797
-2.2027078069308224
-2.0869299868742623
-2.4655382871627807
-2.222141306740897
-2.157139036216234
-2.2372413364323704
-2.2543980569550484
-2.094439700797752
-2.1497880584663815
-2.449010044336319
-2.1020934912893505
-2.2075378632545473
-2.1693281858198104
-2.269045791842721
-2.3698783134802794
-2.3195749623434883
-2.217814656191094
-2.206157483436443
-2.3691656637836145
-2.2765481637583838
-2.329335145376347
-2.299895109132279
-2.3799194438116893
-2.3887848038422432
-2.1308145064574022
-2.172076423962911
-2.3491101115942
-2.1647275459198725
-2.3653140554622727
-2.564994584111606
-2.0663995572498868
-2.5011592825253803
-2.3578505321990613
-2.39222598190491
-2.3029229008790217
-2.353145261605581
-2.5540646079814797
-2.4070320239773504
-2.4420525209227604
-2.6574735316363247
-2.315547695031037
-2.3622938791910806
-2.4870104210717336
-2.224328805293356
-2.123956878980001
-2.232505402781747
-2.277761334882063
-2.448179610570272
-2.419321871194683
-2.0871927902616303
-2.4923036297162375
-2.337640835179223
-2.141679893840443
-2.2598269656300545
-2.348879664174972
-2.5955284689411973
-2.167298915774323
-2.0960086470558528
-2.1872862696647646
-2.0913981974124907
-2.2395555206707547
-2.230612366807227
-2.3143924055276095
-2.314182935616909
-2.1772601190540524
-2.6533403450792488
-2.471477007865906
-2.336965994876728
-2.1778347207152327
-2.2390157910329953
-2.4771578311920166
-2.57628989815712
-2.0845896467085807
-2.326276602844397
-2.3480037881268396
-2.261088919283739
-1.971052764190568
-2.223223072917838
-2.3492742627859116
-2.1886597491692807
-2.197482714186544
-2.3640564680099487
-2.267532277565736
-2.3412022961510552
-2.3849374999602637
-2.157303987405239
-2.3181032554523364
-2.3287360668182373
-2.4216304785675473
-2.295962898895658
-2.4094143623397466
-2.3650374383461186
-2.092060004289334
-2.465953551232815
-2.2868847012519837
-2.497680661353198
-2.168905394417899
-2.390513105051858
-2.3321156888394743
-2.3892711531626034
-2.243934714794159
-2.2727602065778245
-2.518693608266336
-2.465361905448577
-2.241898277349639
-2.5399918130465915
-2.137330747419788
-2.5397334185513585
-2.3679488412404464
-2.1941208370188447
-2.204077109694481
-2.4370414203610915
-2.2731899527403026
-2.1885029683190007
-2.127070274949074
-2.236613054429331
-2.2567458748817444
-2.47279261407398
-2.4442820449670157
-2.473098879768735
-2.282172687848409
-2.1491058190663654
-2.2801822611263822
-2.150478234887123
-2.2253248535669767
-2.400185503959656
-2.3003229553049263
-2.2750100514718463
-2.3868990182876586
-2.3126823563201753
-2.369794483695711
-2.3010564772587903
-2.268128041563363
-2.2568417624993757
-2.1710070323944093
-2.1394590673775506
-2.2451780945507447
-2.247993175983429
-2.439622453848521
-2.1214805688176837
-2.0272012602898384
-2.2520537204938393
-2.4455728669097456
-2.058962547779083
-2.3321961714671207
-2.342222805946104
-2.3945014126160564
-2.312749497456984
-2.302589876311166
-2.142632469898317
-2.209245964332863
-2.451122140231198
-2.2121886920470457
-2.3020358693599703
-2.1610373669657212
-2.3080924544483423
-2.381921966438708
-2.3122364522949344
-2.692981332540512
-2.2871597607930503
-2.1230889558792114
-2.4009010813452982
-2.478635963371822
-2.4026345641989457
-2.0660329092116583
-2.2033193155571267
-2.351223650043958
-2.3692096048785793
-2.1663150671989686
-2.0878456880648932
-2.2068453102276244
-2.1463139427674784
-2.2696997188541985
-2.2096286906915554
-2.285401938926606
-2.086938904090361
-2.4162400579452514
-2.1840475651255824
-2.219453907742792
-2.6832019868104355
-2.284316972449974
-2.481138653225369
-2.234820536441273
-2.4857265261503367
-2.1764517102325174
-2.6944610426823297
-2.309775913755099
-2.507314848899841
-2.332144679561738
-2.3527272985531735
-2.1718799533515143
-2.4043967018322068
-2.1981299531956515
-2.1399275958538055
-2.3942691564559935
-2.263371641933918
-2.116111566038693
-2.118561019500097
-2.27802728383969
-2.340798576672872
-2.5479876948030373
-2.4280051559698386
-2.336229161421458
-2.291845030749022
-2.1210197145874434
-2.2694899381660836
-2.266231064285551
-2.604882472091251
-2.4151487815178045
-2.405927674443114
-2.225676420963172
-2.244125112891197
-2.528594366141728
-2.146140460310311
-2.3237761094950247
-2.761208592676649
-2.363289992014567
-2.7122730566905093
-2.1465197443962096
-2.4003306171473335
-2.4025236239304415
-2.552158098594815
-2.167987976755415
-2.373513823747635
-2.3916498819986978
-2.2234120490187306
-2.4884944950279437
-2.539794867893435
-2.2445826091264425
-2.356406942009926
-2.32642120261525
-2.167783518271013
-2.4429930540231557
-2.3594527312687466
-2.40442752620069
-2.1144485726501
-2.1151057311466763
-2.4388165107140174
-2.3638198194759235
-2.2818976442019143
-2.4778152131117306
-2.3402892990810114
-2.220460755484445
-2.2437116839946847
-2.3434695079922676
-2.3176628867785136
-2.238009065389633
-2.1020989368359246
-2.0706080527682054
-2.430571056547619
-2.2782267729441323
-2.190041908621788
-2.4355850359972786
-2.1422250502639346
-2.1657204194502397
-2.265649708679744
-2.306066761846128
-2.546296321984493
-2.141614099343618
-2.4941969120502474
-2.162376656177196
-2.353870704060509
-2.217492715038102
-2.4785126772793857
-2.5901979088783262
-2.349441647529602
-2.5214830673102178
-2.0585740262811836
-2.2984759739467076
-2.5901133328676225
-2.258904112056947
-2.2734536089987123
-2.5333310907537285
-2.274673077367967
-2.4078878196510107
-2.181215546070001
-2.4025927815172405
-2.2529386944240994
-2.219962620486816
-2.128409853848544
-2.2495249032974245
-2.310440888771644
-2.180900384398068
-2.0403370547294615
-2.19041144406354
-2.343355437119802
-1.9135131289561589
-2.2914076989347283
-2.241334538127101
-2.2161250259425187
-2.463310872183906
-2.4653317289693013
-2.44403129357558
-2.301308852784774
-2.150178426876664
-2.2802783958613873
-2.53237399515116
-2.2289378517552425
-2.380460309655699
-2.2582733904993213
-2.2397330354999854
-2.741367831462767
-2.303632669853714
-2.24465484388413
-2.3187469986901768
-2.1459742691367865
-2.350866111842069
-2.400903777219355
-2.168987693786621
-2.430556752852031
-2.425077418149528
-2.3869482800364494
-2.030666865800556
-2.4082582719398267
-2.46066599467705
-2.481276352297176
-2.444965855942832
-2.3489353480162443
-2.2222583394939615
-2.268430379091525
-2.42846640167029
-2.1965063831635883
-2.391691627246993
-2.5121419770377025
-2.0109525084495545
-2.2815514991157935
-2.4730221927165985
-2.267842561006546
-2.172227583549641
-1.8802401979764303
-2.310634659095244
-2.3183515245264226
-2.253937045733134
-2.385333231238068
-2.318284751737819
-2.4684107013650842
-2.2349101221838663
-2.3546597003936767
-2.3863757997751236
-2.4745117167631787
-2.448894359848716
-2.2750768283056835
-2.231094094423147
-2.4546121813002086
-2.8939244151115417
-2.214914796528993
-2.2335612111621432
-1.9217920384623788
-2.4509900569915772
-2.2156559499827297
-2.402798741362816
-2.3832357631010166
-2.254637603102059
-2.357297489859841
-2.470425324006514
-2.117340854803721
-2.4998254776000977
-2.5189214859689986
-2.2075625638167065
-2.042184627056122
-2.2376393988018943
-2.1941354710881305
-2.388322000918181
-2.238393084947453
-2.243987891674042
-2.2178894837697345
-2.3910164969308036
-2.4431055822069685
-2.3373116506980014
-2.46288731790358
-2.1772891013127453
-2.0843497164665705
-2.6707903069834553
-2.1471424749342063
-2.2656975388526917
-2.4322016615616646
-2.2600771692292443
-2.297466930321285
-2.3995516377110637
-2.2378268435194686
-2.247454431462795
-2.292887466925162
-2.1261364350716274
-2.448864004550836
-2.494493357513262
-2.348146490121292
-2.4675202899509006
-2.0755992149695373
-2.4220215473856244
-2.3704629704064013
-2.2446902145942054
-2.3349819434316537
-2.72354598606334
-2.3433072602047638
-2.2229091893224155
-2.4668502654784765
-2.269540982246399
-2.28105879954572
-2.0798681233380294
-2.374905589967966
-2.5926072972792165
-2.413836128306839
-2.1743390805581035
-2.4074580646910757
-2.2260290095300386
-2.3891343947719124
-2.3882476312142833
-2.159455624009882
-2.332487106323242
-2.526615706885733
-2.5060572316569667
-2.395981253057286
-2.3708550395636725
-2.229426246881485
-2.2537616150719777
-2.124543298374523
-2.204733249388243
-2.3437295885796243
-2.467466361117813
-2.4275450476428917
-2.2378717708587645
-2.255339257571162
-2.3526073870111683
-2.2747444344891443
-2.189483610359398
-2.2884569395156134
-2.3302502455534757
-2.1064803590697627
-2.825261196782512
-2.2896710857748985
-2.2641591691970824
-2.326183697208762
-2.216796642000025
-2.4269331047932305
-2.425010155547749
-2.512808517829792
-2.263209508686531
-2.2453117609024047
-2.1184805180968307
-2.1389231024117303
-2.3623391868638213
-2.3152118590142994
-2.296809994656107
-2.615500807762146
-2.1535356559536676
-2.189941967234892
-2.2795719635688654
-2.393627939553096
-2.17823534100144
-2.356914298874991
-2.3964698881399435
-2.7381948782847476
-2.206287403901418
-2.4202302016317843
-2.451272046312373
-2.3880137730452975
-2.1048159782703104
-2.3289136247975484
-2.5023296414589393
-2.704776406288147
-2.1912686216831205
-2.156123109892303
-2.199490324044839
-2.1969668914874396
-2.3846727361281714
-2.402862024307251
-2.0024897952874503
-2.4223755399386087
-2.195073780260588
-2.3125097388174476
-2.3618214609830277
-2.144583021072631
-2.08020808464951
-2.5604597479104996
-2.250893990198771
-2.4111939082380203
-2.528594366141728
-2.4546643447875978
-2.0902463546166055
-2.2726816177368163
-2.549685535522608
-2.1825174395854656
-2.2935717938438294
-2.3362950820189257
-2.2308200926196817
-2.3982485880454383
-2.3661902129650114
-2.497956957887201
-2.339871706785979
-2.3409540317952633
-2.2041289398114974
-2.191344901572826
-2.496274697474944
-2.315455770492554
-2.269683005204841
-2.3206161937198124
-2.105176751430218
-2.6250382969456334
-2.545175238261147
-2.2975163646042347
-2.39151032269001
-2.1595139882781287
-2.167298915774323
-2.0819613106396733
-2.124345392596965
-2.174578957259655
-2.162088372707367
-2.3166509636243187
-2.250795389375379
-2.053993294878704
-2.3760688172446356
-2.3622002486259706
-2.3557932055913486
-2.0643351624409356
-2.1962093376531833
-2.3428535613146697
-2.144157353374693
-2.1957956098374867
-2.2280725302367377
-2.259481187789671
-2.1771777272224426
-2.309198999404907
-2.3220110734303794
-2.3174587530749187
-2.1910966873168944
-2.1020934912893505
-2.5037910461425783
-2.46266703910016
-2.2199455308914184
-2.0456498024009524
-2.3733305967215337
-1.9576953675435937
-2.0585587322711945
-2.151386136455195
-2.419321664879399
-2.2035999086595353
-2.5712593022514794
-2.2488653115604236
-2.3439847781107974
-2.4656472303429426
-2.0106770033421726
-2.3126022681384018
-2.3624727436014124
-2.505340742437463
-2.464673576876521
-2.335976565093325
-2.3655720273653666
-2.4993967480129666
-2.417415421318125
-2.3446020177892737
-2.3867942275422993
-2.254197252207789
-2.2695066477801347
-2.204274976482758
-1.9690585544234829
-2.2519711334197248
-2.485891050526074
-2.3215102204736673
-2.138736362640674
-2.5477603673934937
-2.338312869722193
-2.158466172218323
-2.358198897043864
-2.447645480515527
-2.2158432895062017
-2.111780022507283
-2.146920656716382
-2.2923019731298404
-2.3877356658721793
-2.4160998628494585
-2.135259854382482
-2.347060449539669
-2.074866037214956
-2.365729493173686
-2.2504200683190274
-2.4960609902353847
-2.184533593287835
-2.197156982951694
-2.258172583195471
-2.2880992498554167
-2.5452969241560552
-2.2213348150253296
-2.3165410141475866
-2.1337321804415796
-2.4217807792481922
-2.195924820723357
-2.297367534041405
-2.367714319229126
-2.347081918565054
-2.6060655279593035
-2.093261425559585
-2.2961857229471208
-2.6469388891910683
-2.274348207422205
-2.2285480863518186
-2.4463061437010767
-2.1293402525686447
-2.2612935985837663
-2.131240079445498
-2.336667243511446
-2.7379859387874603
-2.4136339285794426
-2.5165282322300806
-2.2806017107433743
-2.5563608464740573
-2.3376651880068655
-2.317291070775288
-2.3155863881111145
-2.4121989539412203
-2.356519091129303
-2.3919548602665173
-2.6605410277843475
-2.3037878937191434
-2.179270033652966
-2.258574267651172
-2.089312814530872
-2.1976081323623657
-2.2082131880780924
-2.245938539505005
-2.23853097443885
-2.038093558379582
-2.2920394957065584
-2.3282079054759097
-2.1862103016871326
-2.2870364820957185
-2.2671342227194042
-2.3058518458295754
-2.4089864983278164
-2.2329054661095142
-1.9979470190794573
-2.4015263246030223
-2.3622207323710125
-2.4887489548751285
-2.334155872160075
-2.2511614822504815
-2.2377971788247426
-2.356913313269615
-2.298656980196635
-2.0851625109973706
-2.4126698055932687
-2.258376193951957
-2.3751754435625942
-2.225041127204895
-2.369021561410692
-2.276951294096689
-2.3944369902213416
-2.268249268801707
-2.5147042403034137
-2.383496421834697
-2.233595288529688
-2.293377311527729
-2.3702521460396904
-2.2305275608853594
-2.358051121234894
-2.246792796780081
-2.52108787948435
-2.406741911714727
-2.238393084947453
-2.2238400210352505
-2.265471890778609
-2.337497663497925
-2.392763959036933
-2.3166063551632865
-2.347685565551122
-2.3029847939809165
-2.343959082004636
-2.6074519408376595
-2.369091487512356
-2.3922719471156597
-2.266497541218996
-2.244087720528627
-2.265959147144766
-2.159360871758572
-2.279543528481135
-2.282880807176549
-2.17508974455405
-2.1143044866621494
-1.9853249976509495
-2.3642495579189724
-2.59071356516618
-2.1316067843601623
-2.454561119278272
-2.3292983269691465
-2.35566908121109
-2.402990758419037
-2.3940240666270256
-2.419908431172371
-1.9245251993979178
-2.3768800904111163
-2.5543907999992372
-2.392140354195686
-2.058366778918675
-2.054302909544536
-2.3454770342163416
-2.4320118613541126
-2.134065373076333
-2.4712082976880283
-2.3988127862253497
-2.196896799405416
-2.4195011479513986
-2.530549159821342
-2.1984785680587473
-2.3204185831344732
-2.383969013337736
-2.3635821055482933
-2.2113586201959725
-2.3589258386242773
-2.2350274473428726
-2.4732665473764595
-2.1342736721038817
-2.3505416308578693
-2.239392269302059
-2.5410049855709076
-2.4524844799722945
-2.6701019083460173
-2.3176828105494662
-2.272972203625573
-2.4490337477010837
-2.2937124622495553
-2.271512708880685
-2.2640834333466704
-2.322309456373516
-2.2933303364391984
-2.2461720125095264
-2.2820620561132627
-2.3195658865964637
-2.4167287349700928
-2.192315003701619
-2.2930842914443086
-2.091883235400723
-2.3392942911241112
-2.281946205731594
-2.422031504492606
-2.588963122367859
-2.4709074706644625
-2.3264166797910417
-2.1897590784799483
-2.478635963371822
-2.1526268344176445
-2.1273593175411225
-2.316886179976993
-2.393878946409506
-1.9346445318725374
-2.341198498294467
-2.295981620039259
-2.4185193899799797
-2.2874039076268673
-2.245549956957499
-2.2199813686311245
-2.1085363739523393
-2.1060867574479847
-2.329850399494171
-2.2626614219103103
-2.373620627255275
-2.537498633066813
-2.1352894054009366
-2.147645955862001
-2.334769096063531
-2.347358317936168
-2.2013254712025323
-2.348271812263288
-2.273214783668518
-2.217102475464344
-2.414484710404367
-2.2054880062739053
-2.179890207705959
-2.419588713645935
-2.2065052825670977
-2.2917265026800093
-2.346191790841875
-2.256162955760956
-2.2031643232878517
-2.049355803751478
-2.2109798043966293
-2.179992344644335
-2.309339702129364
-2.2807911451046285
-2.1414700281822077
-2.275121488268413
-2.25023149560999
-2.344335561213286
-2.302308726695276
-2.264309620035106
-2.3526284974068403
-2.3535598516464233
-2.280332254736047
-2.115263297444298
-2.3677181507411755
-2.361928007087192
-2.240258058723138
-2.093539187782689
-2.1872000877673807
-2.334871799685061
-2.2408246415002004
-2.179262764453888
-2.463977474277302
-2.404821027070284
-2.28899009130439
-2.4106350137341406
-2.4713647762934365
-2.2450184836799716
-2.266572712527381
-2.238712777525692
-2.5009017382349286
-2.5063622497743174
-2.1617039008574053
-2.4075563568621874
-2.383293057555583
-2.3411219065839592
-2.3370488075649036
-2.4040645706026176
-2.4095765032419343
-2.3270180248297176
-2.0989231502308563
-2.4809606218338014
-2.18116480492531
-2.524747410789132
-2.3875620754397646
-2.210257197037721
-2.288202757531024
-2.388018721883947
-2.2933115130763944
-2.238941121101379
-2.1684056113405927
-2.218324450775981
-2.4498920428986644
-2.2511143857782536
-2.3018877163077844
-2.235943873013769
-2.4679525887966154
-2.3649657633569507
-2.2935717938438294
-2.4535232399191176
-2.623062111235954
-2.4339272997997425
-2.263880010807153
-2.598447947275071
-2.2171259103937353
-2.2934719874308658
-2.554371690208262
-2.3897584730928596
-2.183087119415625
-2.499743035582245
-2.369880486475794
-2.5116517852092612
-2.3226841707078236
-2.3886843898466656
-2.2574549408282265
-2.524006739640847
-2.299216151237488
-2.463420150709934
-2.28320695783781
-2.265556602943234
-2.4188682436943054
-1.9299469521412482
-2.130121930952995
-2.242767399007624
-2.2909236651200513
-2.3653140554622727
-2.226567679835904
-2.6996533605787487
-2.2721851388613383
-2.2568417624993757
-2.4181846920049415
-2.2543400933345157
-2.0513892155705076
-2.355798956510183
-2.5104632642534046
-2.244264527161916
-2.2373278845440256
-2.2048178990681966
-2.4214228280754977
-2.2144518639102126
-2.2430025660802446
-2.3814428370931875
-2.4362830745762794
-2.3443807628419666
-2.216796642000025
-2.3750042297221996
-2.358961284160614
-2.580309271812439
-2.595882382148351
-2.3466577355203957
-2.053735393181182
-2.232658440762378
-2.2815570088683583
-2.445950895115949
-2.346751902554486
-2.4744168895941514
-2.4394582755425396
-2.372371012823922
-2.22168151140213
-2.193682542034224
-2.665977403521538
-2.439779622356097
-2.4511155071465867
-2.30177098416513
-2.3171130657196044
-2.17235737151288
-2.1888992538054786
-2.295930842135815
-2.2040860703293705
-2.181318619034507
-2.298577976226807
-2.301055348688556
-2.242709283395247
-2.380748184288249
-2.305506447950999
-2.3919717651424985
-2.3138713564191544
-2.110653519630432
-2.4215951476778304
-2.206806952303106
-2.4697883936075065
-2.356385007771579
-2.4056098000569777
-2.164728727936745
-2.158544358942244
-2.1072290675206617
-2.3928586330966675
-2.279789067398418
-2.1020989368359246
-2.162983634255149
-2.1831729558797983
-2.180488341129743
-2.2720430970191954
-2.2741464355162213
-2.4091977267651945
-2.214527833011915
-2.2914821916156347
-2.2272249080918054
-2.2152671353383497
-2.234015228350957
-2.2350274473428726
-2.3911749193834706
-2.2521250038816216
-2.2482975256907474
-2.382689711025783
-2.2007125834139383
-2.1822791238163792
-2.377560321165591
-1.926855793287014
-2.2657551685969035
-2.175343768937247
-2.414878359436989
-2.098876241375418
-2.4487427017268013
-2.3595621343012207
-2.616766264041265
-2.0977325654420698
-2.1808378007676867
-2.173400139808655
-2.382018274169857
-2.1643881031445096
-2.214793814195169
-2.3445916032791136
-2.3586556658148767
-2.0396796899872855
-2.3867740504285124
-2.6139848977327347
-2.4094292419031262
-2.4960476398468017
-2.1072929746964397
-2.3821513950824738
-2.236274788254186
-2.4743180215358733
-2.225687660954215
-2.4517935756090523
-2.0637495744796026
-2.6118598717909594
-2.395001208782196
-2.431454000018892
-2.6528396714817393
-2.4219825685024263
-2.2424452106157937
-2.3280048114912852
-2.035879395109542
-2.1706753603873716
-2.2079616578725667
-2.255083220620309
-2.4150936426939786
-2.3269275717618987
-2.280414975606478
-2.1764517102325174
-2.3667222622669106
-2.407187448393914
-2.4345705702498153
-2.549855655637281
-2.3181364288696877
-2.281632344637598
-2.5023296414589393
-2.1675998644395307
-2.2575895840471443
-2.4227503918586892
-2.350798414108601
-2.129477681652192
-2.5231676612581526
-2.4444848865759177
-2.2100044558445613
-2.4348408122857412
-2.2181818610743473
-2.3704667019844057
-2.355359149830682
-2.2441328662936972
-2.489044719055051
-2.3542605073828446
-2.7442983570745434
-2.1885029683190007
-2.3073460806499826
-2.3282778827767623
-2.177693025061959
-2.161371774971485
-2.128526722301136
-2.2358026653528214
-2.273460344662742
-2.3307604470918344
-2.242703152554376
-2.438057618481772
-2.3772131204605103
-2.254876317801299
-2.3024810949961343
-2.3504044627243617
-2.1862528448674214
-2.3595760906896284
-2.4153474343234094
-2.337514971123367
-2.355798956510183
-2.107539012514312
-2.063616651409077
-2.2935717938438294
-2.6490458973816464
-2.3054936506130077
-2.242792538974596
-2.194557884335518
-2.143770683556795
-2.248881012835401
-2.2513811928885326
-2.0632757704172815
-2.1709254396205044
-2.4074263030832466
-2.3661428546905516
-2.299680340580824
-2.4239717001716294
-2.3748826137904464
-2.07876553823208
-2.4948079753340338
-2.228868169169272
-2.3147869293506327
-2.385610427967338
-1.9796751184122903
-2.4236055923544844
-2.5911096036434174
-2.015484051884345
-2.1403277745613685
-2.374965409437815
-2.2527022049540566
-2.7886606580332707
-2.271507878457346
-2.367976014614105
-2.3821715724468233
-2.2054880062739053
-2.0869120610387704
-2.2146646711561413
-2.1941208370188447
-2.3046377054576217
-2.4507175336281457
-2.3167109797740806
-2.3747871961999447
-2.3555595963089555
-2.4305199346643813
-2.128409853848544
-2.3083134243885675
-2.222979076206684
-2.302589876311166
-2.335110936846052
-2.2035216133702886
-2.2749515053553457
-2.4410659167915583
-2.230716336191746
-2.4813283341271535
-2.2810398365060487
-2.420126743512611
-2.3094513872090507
-2.2568919449239164
-2.368697059781928
-2.344263804810388
-2.0343764538948355
-2.466472608201644
-2.1316362224834067
-2.365888422849227
-2.0140193987775734
-2.210785558819771
-2.335101052125295
-2.2337444680077687
-2.319942552031893
-2.1051849196938908
-2.3803929448127747
-2.2606640941691847
-2.4090542833010358
-2.4466592799062314
-2.5656397184904884
-2.2498781191997037
-2.2778432059288023
-2.0054614075592587
-2.4599661875744254
-2.5206139255315065
-2.41105042219162
-2.1387255920304193
-2.268128041563363
-2.2017032066980997
-2.452803065379461
-2.4889516945068655
-2.5952086746692657
-2.3213433604687452
-2.404692094950449
-2.234989209230556
-2.2025089556520636
-2.2988290215025144
-2.3080539913738476
-2.058262367248535
-2.28864581818166
-2.418191377605711
-2.4103693200482263
-2.4054424166679382
-2.0025059417182325
-2.4752378796422203
-2.1994853986276164
-2.207568622297711
-2.220263356512243
-2.25791924986346
-2.1571587041804663
-2.3911169546621815
-2.274377856143685
-2.336965994876728
-2.3063720868479822
-2.2629481227624986
-2.2664766894734423
-2.254971610738876
-2.362895395606756
-2.421173334121704
-2.303827815585666
-2.1638109106006045
-2.464462492917035
-2.607567971944809
-2.3183079142319527
-2.2456734672836633
-2.5043764218040137
-2.3165410141475866
-2.1239686493690195
-2.3944949358701706
-2.480980026094537
-2.0195246049336024
-2.159455624009882
-2.3058771780558995
-2.3918207713535855
-2.2758728299822124
-2.2852155621661696
-2.1936750213305154
-2.375345221881209
-2.44803443976811
-2.1776752968629203
-2.4749643832445143
-2.200007763563418
-2.2626614219103103
-2.147957396812928
-2.540651744809644
-2.1923566460609436
-2.3778879706924028
-2.457301340997219
-2.391468430051998
-2.2318312776716134
-2.2320843195093087
-2.1834108777668164
-2.3046377054576217
-2.2790947183966637
-2.319664904565522
-2.561755799111866
-2.487513514927455
-2.151386136455195
-2.036512849377651
-2.30767823620276
-2.209349354108175
-2.059855129321416
-2.6107694378920963
-2.505412631276725
-2.378166435778826
-2.1536178950403557
-2.325806800661416
-2.2292033433914185
-2.1692036547158895
-2.2913433530113916
-2.4849639177322387
-2.4052759326737503
-2.441049375776517
-2.200305950073969
-2.2598790004849434
-2.294219925068319
-2.0927839863975093
-2.128704745428903
-2.330247219921886
-2.312128846928225
-2.262832300229506
-2.319379225009825
-2.4105478142792323
-2.240609068955694
-2.346364334651402
-2.580473994863206
-2.249345372120539
-2.411825191406977
-2.4305224465696433
-2.1975859626134238
-2.030478662566135
-2.1481915469522828
-2.208808264732361
-2.1116344444453716
-2.546733097596602
-2.0272012602898384
-2.1062990691926746
-2.1699052733533524
-2.4420137388605467
-2.268888752634932
-2.3051798137334676
-2.2770446732237533
-2.208677128833883
-2.40617131873181
-2.034191533923149
-2.2801501944258407
-2.2525173313212843
-2.221565718000585
-2.3205826115189936
-2.4153474343234094
-2.3697147607803344
-2.407622574828565
-2.174184431835097
-2.2906888430235814
-2.407781251976567
-2.456585885087649
-2.2674912810325623
-2.5903423953056337
-2.287371303977036
-2.0654602740940295
-2.2086298719365547
-2.6805936561690435
-2.555140404990225
-2.3183079142319527
-2.323098542361424
-2.577608335959284
-2.285822775628832
-2.4670318018558413
-2.372784133050956
-2.280336963407921
-2.255732227179964
-2.06467924118042
-2.3967594531449405
-2.4841227183739343
-2.2200989029624245
-2.2234837162879204
-2.2568240543486366
-2.55344295501709
-2.4270100032582
-2.2083707086501585
-2.314834485288526
-2.301243987466608
-2.340837396424392
-2.5790162998087265
-2.232356387635936
-2.256703634262085
-2.215608986094594
-2.5676863312721254
-2.142906060585609
-2.268639696271796
-2.042950264785601
-2.2103056986376926
-2.3132102847099305
-2.2585283309221267
-2.4484724210841313
-2.24012238414664
-2.3175942951982673
-2.2291002365259023
-2.467907644235171
-2.5371876205167463
-2.109344493597746
-2.5373239736807975
-2.19627787501125
-2.391433587261275
-2.1529452059720016
-2.314034135525043
-2.2787058867660224
-2.29411855119246
-2.142305362609125
-2.3592572796101474
-2.2248610323422575
-2.149968119767996
-2.209520652242329
-2.4001418557660332
-2.498785825876089
-2.181437849998474
-2.400874137878418
-2.3221422654611095
-2.370577994230631
-2.487353645838224
-2.171830450787264
-2.3075590365462832
-2.37002532910078
-2.1072290675206617
-2.313865328902629
-2.5584958542224974
-2.121786559621493
-2.6086745858192444
-2.117624507021548
-2.217744700218502
-2.186480881737881
-2.3403350052080656
-2.2557779593127116
-2.265346897499902
-2.185155433303905
-2.0883294492959976
-2.334602192044258
-2.4961928032539986
-2.3088192991588428
-2.300424697664049
-2.5089892080196967
-2.1239980856577554
-2.2075625638167065
-2.298671049040717
-2.400451681552789
-2.789431139042503
-2.1821543902158735
-2.345433418009732
-2.176223659956897
-2.2564249420166016
-2.130132265885671
-2.191132071945402
-2.330069494919038
-2.388363932017927
-2.3471925919120378
-2.2650887051294015
-2.210417131262441
-2.4414864340607
-2.37745623588562
-2.1891044142111293
-2.1976192547724795
-2.498778807265418
-2.3386012256145476
-2.3361692939485823
-2.3303115788628075
-2.364914899071058
-2.0269004106521606
-2.4026561566761564
-2.258579173178043
-2.3725242237655486
-2.4197344209836875
-2.1569280017699515
-2.2948873779352974
-2.1149468943476677
-2.0964975357055664
-2.325911361344007
-2.4802181212628476
-2.239435148866553
-2.509361401848171
-2.3239350589838894
-2.083493630091349
-2.210103200541602
-2.3104891618903802
-2.4272476587540064
-2.1970678697461667
-2.359523583431633
-2.0860994358857474
-2.548696910181353
-2.7241002723574637
-2.4189524025686326
-2.276839852333069
-2.22857509124077
-2.2077487312830413
-2.1184805180968307
-2.105717534678323
-2.4204958393460227
-2.0119100987911223
-2.3651649170908433
-2.082752235865189
-2.299945959023067
-2.240797273814678
-2.019212322415046
-2.480804223484463
-2.2195299002859326
-2.1974114570124397
-2.240155138351299
-2.3589086067878595
-2.3788276265064874
-2.487513514927455
-2.112357945669265
-2.4249894527288585
-2.1514534188641443
-2.4523116850083873
-2.24242217200143
-2.413018414378166
-2.108364216305993
-2.320188732374282
-2.317943019025466
-2.455327012600043
-2.1953186253706614
-2.4095896326977275
-2.1929035549983382
-2.235924459497134
-2.096262234098771
-2.3358896672725677
-2.146814305583636
-2.2122767567634583
-2.1827710600609476
-2.3391148549205854
-2.329647513323052
-2.2716873603708603
-2.010825438158853
-2.211903220728824
-2.3782496953356094
-2.317070433587739
-2.1948037073016167
-2.137917363643646
-2.3556701859762503
-2.319701420177113
-2.277060803819875
-2.344927443191409
-2.5123532861471176
-2.265029499530792
-2.302152886535182
-2.211713674068451
-2.3744012359845437
-2.43373745993564
-2.1885029683190007
-2.319038681494884
-2.3611862934552708
-2.2609720434993505
-2.27802728383969
-2.165606004851205
-2.5135636890635773
-2.4156134327252707
-2.1604697099098793
-2.091315602972394
-2.1994853986276164
-2.241586483539419
-2.2983628052931566
-2.1379560171341407
-2.285549623625619
-2.319761499762535
-2.2755640513367124
-2.438171969141279
-2.135451225371196
-2.180250531918294
-2.114717374829685
-2.126470967342979
-2.3769131194461477
-2.3928586330966675
-2.2860404915279813
-1.9629531818277695
-2.256776453817592
-2.2490693019784014
-2.3702498238820295
-2.425603543009077
-2.2157732481541843
-2.3367960033593356
-2.0750611457559796
-2.2502285957336428
-2.30912400375713
-2.4400480327935052
-2.3551373346796574
-2.2908832711993523
-2.169537807886417
-2.0616456319888434
-2.33638845040248
-2.178361976146698
-2.4535849392414093
-2.3308692574501038
-2.6329757650693257
-2.3688629931873746
-2.0940653513639402
-2.492693390697241
-2.3314519808405922
-2.4426379753993106
-2.358051121234894
-2.2168961572647095
-2.201678925090366
-2.094919170203962
-2.272225105294994
-2.202599737124565
-2.5257361841201784
-2.437659249467365
-2.4994539771761213
-2.38258296251297
-2.257258391007781
-2.5033966382344564
-2.4370125343402225
-2.3475542775655196
-2.598537943579934
-2.243696451187134
-2.170096835919789
-2.3529840182449857
-2.5146965040100944
-2.3225569836163924
-2.138119061038179
-2.3630742605139567
-2.242792538974596
-2.5990978479385376
-2.214970494216343
-2.2485244043411745
-2.577304640163978
-2.3431886434555054
-2.2612776532769203
-2.3073946849719897
-2.2749539385823643
-2.144157353374693
-2.3546357482671736
-2.4501360763203013
-2.4451649658607715
-2.3188023713170267
-2.4852766466140745
-2.2603842561895195
-2.2102707930973597
-2.226687872587745
-2.2888528391718865
-2.261646056616748
-2.0746999369426207
-2.4126302654092964
-1.9369744350170266
-2.066230038801829
-2.4273796492609483
-2.0276542420082904
-2.2364096336894566
-2.0703324111444608
-2.330658093331352
-2.237533824010329
-2.3963781270113858
-2.374677692850431
-2.179545193405475
-2.3037771015632442
-2.3881563878640897
-2.4352597912152607
-2.5847255321649403
-2.1964857075363398
-2.401398862561872
-2.3292983269691465
-2.5086548944999434
-2.0571441000158135
-2.3037232744450473
-2.492693390697241
-2.2806589881579082
-2.401412273353001
-2.328633854354637
-2.312916841262426
-2.4571714401245117
-2.345433418009732
-2.292822206721586
-2.2100356123486504
-2.287978305419286
-2.629261781771978
-2.2183661675453186
-2.1114704088961824
-2.1251670122146606
-2.3059545832295574
-2.0654456779874604
-2.487645398378372
-2.2940541525681812
-2.204359296709299
-2.645844142884016
-2.2836489985729087
-2.16098330301397
-2.1816713284043705
-2.292479380180961
-2.3283405800660453
-2.2267461450476396
-2.3528273382852243
-2.1357798349289667
-2.3126051231570868
-2.2009923477021474
-2.467500424385071
-2.115936594574075
-2.65389084815979
-2.1341688998720865
-2.203886860295346
-2.2758034366672324
-2.1639667845541433
-2.286587744951248
-2.1862528448674214
-2.3629275190419166
-2.5121419770377025
-2.3221170550487082
-2.3778879706924028
-3.0211323987353933
-2.142305362609125
-2.0990441431078994
-2.0489587533858513
-2.1587298265043295
-2.2536788367562823
-2.5333696390901292
-2.2621374637522598
-2.136105661806853
-2.436276912689209
-2.3961957028654757
-2.3042048330892597
-2.2997760664333
-2.177609649915544
-2.362895395606756
-2.324890823318408
-2.346574369404051
-2.354722890853882
-2.28445717834291
-2.3171031197836234
-2.521420478820801
-2.825261196782512
-2.356716457340452
-2.228090625149863
-2.086938904090361
-2.2799375727772713
-2.300453928235459
-2.248321838378906
-2.3716259689654335
-2.553503304719925
-2.340958028508906
-2.1414700281822077
-2.4434361721648545
-2.2884569395156134
-2.441573945681254
-2.281768892632156
-2.3228258192539215
-2.1468333268165587
-2.411742208465453
-2.3595697339624166
-2.425010155547749
-2.277414138500507
-2.2224982579549155
-2.425835294382913
-2.5068247854709624
-2.216796642000025
-2.394137821414254
-2.432160537197905
-2.2960505366325377
-2.4034775495529175
-2.170324133614362
-2.236443339888729
-2.3206161937198124
-2.368335955418073
-2.0551399444711618
-2.1096724600031758
-2.2212451943537084
-2.19034060706263
-2.231236987254199
-2.43673492802514
-2.2895255119372635
-2.1891241851499523
-2.4064743456087614
-2.1460679336027666
-2.4027496364808854
-2.408211703483875
-2.402227912309035
-2.327005033907683
-2.2480019057790437
-2.1184157686574117
-2.075495428817217
-2.3184435716042153
-2.1914527667196175
-2.1772601190540524
-2.2039844575135605
-2.312404143810272
-2.3574428104218983
-2.282633732917697
-2.2505773891102185
-2.2135033309459686
-2.2559283328056337
-1.909284988587553
-2.3184435716042153
-2.1022255803054235
-2.5189957583651825
-2.3202645531067483
-2.4095181112106028
-2.3085315073358603
-2.225068712234497
-2.254414431254069
-2.1886401573816934
-2.29168697134141
-2.025584699852126
-2.2415976226329803
-2.374852074517144
-2.4669310347787263
-2.2718092735324587
-2.2752107340714027
-2.2714531421661377
-2.513436970256624
-2.093346301998411
-2.5653370431825224
-2.1534374890228114
-2.277612444516775
-2.143519030964893
-2.126678390162332
-2.3664371967315674
-2.3198997105582286
-2.411797328734062
-2.3847760491900973
-2.4128561516602836
-2.37756125330925
-2.4599619882051336
-2.361022022366524
-2.2537616150719777
-2.4287605243069783
-2.1772719641863287
-2.229835535471256
-2.4296073803534877
-2.281794477016368
-2.0823960271146564
-2.4508651246627173
-2.267691512902578
-2.4730796797408
-2.030478662566135
-2.4130116615976607
-2.2476042906443277
-2.3590149302636423
-2.477493316699297
-2.408745519243754
-2.1106018684127115
-2.430556752852031
-2.3053742833435535
-2.159455624009882
-2.273983149759231
-2.398636945223404
-2.37943031017979
-2.380909809044429
-2.520849017535939
-2.2233417801937816
-2.4467693242159756
-2.3667222622669106
-2.430024037758509
-2.0068895292282103
-2.4153474343234094
-2.4447787404060364
-2.3593902514905345
-2.155006416277452
-2.4254056900105576
-2.380779602130254
-2.444470460216204
-2.232314764128791
-2.1867230842853416
-2.5131784677505493
-2.5137977808713914
-2.457244816635336
-2.2259344045932474
-2.1995491439645942
-2.4504401087760925
-2.2825169139438204
-2.228306748119055
-2.134065373076333
-2.261204018312342
-2.247182365619775
-2.3813322754133317
-2.2099149295916924
-2.275421621664515
-2.139391538771716
-2.2164976536011207
-2.130960530704922
-2.1991519122510343
-2.429433734449622
-2.267033651140001
-2.275280418395996
-2.1296676348666757
-2.6701433370853294
-2.0777124155026216
-2.186108221930842
-2.2922455141177545
-2.2829665728469393
-2.44610980881585
-2.2779503483325243
-2.1427819514885926
-2.192372489360071
-2.2123608559370043
-2.5479477858543396
-2.2422758128683444
-2.4266230817194336
-2.7379859387874603
-2.3010200289162723
-2.245744603020804
-2.1584291234612465
-2.6853861169117255
-2.4000739110143563
-2.4746663740703037
-2.0704530770962055
-2.2592949365314685
-2.292776657823931
-2.4465900378407173
-2.330658093331352
-2.446379290308271
-2.458272622181819
-2.1687901861527386
-1.8467995666322254
-2.2720960254470506
-2.2155899753173194
-2.1659304652895246
-2.280332254736047
-2.117730939388275
-2.3811750226550634
-2.379144645204731
-2.450641362755387
-2.264389529824257
-2.2433003962039946
-2.2436852984958224
-2.2726920202926353
-2.2601791476381234
-2.3381247064646553
-2.2169545306099785
-2.384497248289878
-2.535574828323565
-2.2253248535669767
-2.2364237928390502
-2.32742025131403
-2.524213923017184
-2.3011374526553685
-2.4894343381974755
-2.3026438018550044
-2.4528786878328064
-2.207970733525323
-2.5152113755544026
-1.95080067375873
-2.24370589910769
-2.3398862928152084
-2.3657266047765626
-2.632028271045004
-2.2038032179293423
-2.4998142659664153
-2.170724031329155
-2.067135415695332
-2.289907277954949
-2.6092478067446976
-2.6081119753279776
-2.20146924607894
-2.416774233604999
-2.297458242766465
-2.3856264712059336
-2.521667005200135
-2.0954058060520575
-2.5563277060335334
-2.2449255916807385
-2.2252551076873655
-2.229497034441341
-2.7138879343315407
-2.760901172955831
-2.1492592720758346
-2.2077487312830413
-2.250617839671947
-2.237024496341574
-2.262701327067155
-2.351360907819536
-2.3085315073358603
-2.440768789499998
-2.118895618354573
-2.425936056220013
-2.3235225478808084
-2.3167754411697388
-2.2096286906915554
-2.039136613287577
-2.385036915540695
-2.2133567134539285
-2.336421555594394
-2.370392361283302
-2.259613975234654
-2.358051121234894
-2.5157854735851286
-2.2158697728525127
-2.507314848899841
-2.243166949297931
-2.341731494665146
-2.6929010806545133
-2.536741080491439
-2.136403441429138
-2.3241418386573223
-2.19307985489185
-2.4094196268030115
-2.4924252043336126
-2.243599213304974
-2.3926028421480363
-1.9078190326690674
-2.0695998901906223
-2.4047075581550597
-2.4491646422280207
-2.333712661266327
-2.3828990530159513
-2.1521894289897037
-2.2125829778066497
-2.4253373627479258
-2.446958264366525
-2.5750022468895746
-2.4094261013228317
-2.2160428897901014
-2.333062021896757
-2.175874697941321
-2.225978958301055
-2.5513175215039934
-2.302635124884546
-2.4841844000314413
-2.3608617752790453
-2.347410654410338
-2.178361976146698
-2.398520256610627
-2.307478236655394
-2.260492097656682
-2.5231676612581526
-2.3831846846474543
-2.3079414858537564
-2.2130506597459316
-2.381749963059145
-2.2431209716531963
-2.616373859345913
-2.294560753215443
-2.211518039468859
-2.418888429800669
-2.1620698469989703
-2.326788959218495
-2.2669909074902534
-2.3678455188356597
-2.3654267721705966
-2.3402447955948964
-2.255885296247222
-2.505375317732493
-2.1928494056065877
-2.3298005448447334
-2.2213234779162283
-2.426614499754376
-2.4010184547480415
-2.2099149295916924
-2.2008946677049
-2.474403089168025
-2.431753493971744
-2.3271994292736053
-2.2810390712441624
-2.2520607014497123
-2.1235017198504824
-2.111448430653774
-2.447224893353202
-2.4722872461591447
-2.3456988390101943
-2.2292960240290713
-2.191653970040773
-2.467859813661286
-1.8670987742287772
-2.49216415087382
-2.2675897625257386
-2.3094513872090507
-2.326399457675439
-2.6872772091910955
-2.2259694482829118
-2.257296098396182
-2.12971864427839
-2.367068236334282
-2.175408353805542
-2.444071060780323
-2.384139924752908
-2.384249162979615
-2.477967619895935
-2.416091985869826
-2.219268630657877
-2.1434215853611627
-2.327243977359363
-2.5281526471177735
-2.476535132953099
-1.9917593359947205
-2.0164351165294647
-2.3832357631010166
-2.3386895423350125
-2.397470826762063
-2.3998903139777807
-2.1327356089805733
-2.238530434668064
-2.276977905205318
-2.322013411257002
-2.258518516071259
-2.320852645512285
-2.339963478200576
-2.08287926601327
-2.485891050526074
-2.3388354073871267
-2.2913433530113916
-2.1986050827830446
-2.438804465181687
-2.289753501613935
-2.731805083297548
-2.2543257946769395
-2.329651680684859
-2.3064252027758845
-2.238290543909426
-2.1315893858671187
-2.2703403329092358
-2.351104178898771
-2.2205144607502483
-2.3602454321725026
-2.120652914047241
-2.15044532983731
-2.0195246049336024
-2.4273413395881653
-2.2701177876822802
-2.1732168187529353
-2.1498056683275433
-2.708077096939087
-2.367761591418845
-2.231847203694857
-2.359963141788136
-2.286809866428375
-2.216381950903747
-2.122104956294006
-2.2840387644591154
-2.482820996466805
-2.3413877798163374
-2.175408353805542
-2.30317647137293
-2.0867323875427246
-2.0532621145248413
-2.207663507688613
-2.112756594633445
-2.1124434073766074
-2.282633732917697
-2.193682542034224
-2.149898050999155
-2.2582481561168546
-2.2567094745058003
-2.2582981409849943
-2.416227084525088
-2.3776495436490594
-2.212207604427727
-2.4000497460365295
-2.338745318610093
-2.333252550340166
-2.4353815974860358
-2.2751824378967287
-2.8751537998517356
-2.309310010961584
-2.243339264834369
-2.4468812850014916
-2.3709598446593567
-2.017377644777298
-2.1932317249628963
-2.4697548977353354
-2.294123522043228
-2.2567458748817444
-2.252509893515171
-2.4130036820625436
-2.1702971120378862
-2.2117082928457568
-2.487331823224113
-2.3462647955332483
-2.330219494885412
-2.2359576403049
-2.300453928235459
-2.213907834022276
-2.307054877281189
-2.219667181824193
-2.0513035341313013
-2.4219961609951284
-2.2755939446243585
-2.4516669618231908
-2.276617066500938
-2.414282587170601
-2.608502180488021
-2.2636531476791086
-2.3693516712922316
-2.441411084988538
-2.353180694201636
-2.190191002325578
-2.3014394720395406
-2.1307174336342585
-2.2801288334946883
-2.2767593084819735
-2.2669205548716524
-2.407021552324295
-2.2769562725036865
-2.414815226326818
-2.399636583328247
-2.4026225099960965
-2.173710419776592
-2.368572622537613
-2.3555595963089555
-2.5078975756963096
-2.348787445288438
-2.2015415664230074
-2.333016747135227
-2.3413797271879098
-2.4256732630175213
-2.254265974152763
-2.3940930779163656
-2.430944009621938
-2.4530169059490334
-2.38795462846756
-2.1101761795580387
-2.390517888398006
-2.512196479172542
-2.2931662912954365
-2.227199124438422
-2.414488406016909
-2.293804362842015
-2.3204138201695903
-2.450322242344127
-2.5296189188957214
-2.093371677632425
-2.1962458941401266
-2.2846585996448994
-2.5944216124939197
-2.270543558475299
-2.3127657612164816
-2.2930735255542554
-2.458392372131348
-2.507457447052002
-2.346339366652749
-2.2376553087092157
-2.140765497178742
-2.4002281767981395
-2.333303191223923
-2.4378388472965784
-2.34300251190479
-2.276131978401771
-2.394496108094851
-2.2756921442187563
-2.338120137943941
-2.362449448217045
-2.292451874002234
-2.228267080443246
-2.1515128446179768
-2.031435569127401
-2.300043866319476
-2.377558498155503
-2.0737747321737574
-2.3694870434110125
-2.2864495230757673
-2.2704464526886636
-2.2473648370698442
-2.295930842135815
-2.32642120261525
-2.2754503958153003
-2.2818303033709526
-2.0848101756789466
-2.2151531635546218
-2.343922547672106
-2.24892498254776
-2.3693607860141332
-2.220460755484445
-2.394419203786289
-2.241334538127101
-2.0963180249645594
-2.421663666382814
-2.2325115371495485
-2.2180511458166716
-2.2223789592583976
-2.357180920807091
-2.542479634284973
-2.1998905862371125
-2.2826559982801737
-2.1116227298169523
-2.5378881339673645
-2.3241853184170194
-2.4765245573861256
-2.1647977211645673
-2.220956045284606
-2.263880010807153
-2.3571628630161285
-2.385162095228831
-2.0185337982007434
-2.556769003739228
-2.246830099507382
-2.26047412554423
-2.132377560933431
-2.1625886684969853
-2.2524432711876354
-2.3398359528294317
-2.4729969766404896
-2.475977229444604
-2.278107540280211
-2.1500807421548025
-2.188705474831337
-2.255319332008931
-2.323037934044133
-2.302098086476326
-2.2009294907251995
-2.539794867893435
-2.314192102423736
-2.38439839595073
-2.1877911718268144
-2.2400092850340174
-2.336229161421458
-2.3474435098965962
-2.447068207914179
-2.181904811859131
-2.4327443202336627
-2.6208894729614256
-2.1790311275384364
-2.0096307680720376
-2.1681525989012287
-2.0844044538966395
-2.470568348149784
-2.4887489548751285
-2.6412774734199047
-2.3726180572258797
-2.325847538312276
-2.3148510206991166
-2.49582417011261
-2.3624727436014124
-2.3481615619225935
-1.9885269018911547
-2.402528366138195
-2.107462362996463
-2.204395741224289
-2.172772765159607
-2.20482612028718
-2.2867571741342543
-2.3833328776243254
-2.293579514120139
-2.3228569868448616
-2.446838527917862
-2.312516645590464
-2.6210904320081077
-2.22928951960057
-2.4311231010489993
-2.40749869523225
-2.154646302972521
-2.253538851352299
-2.1031207709896322
-2.3479608726501464
-2.2418695049626485
-1.9642970281488754
-2.1279009508364126
-2.1699333361216953
-2.59017783819243
-2.3082579947867483
-2.3921337638582503
-2.18560425166426
-2.071571158511298
-2.4181470489501953
-2.338137913495302
-2.325710892677307
-2.3962228272272195
-2.2613299308401165
-2.269556302290696
-2.4502661568777904
-2.205623529459301
-2.2197422774938436
-2.1638109106006045
-2.3184435716042153
-2.2336812590559325
-2.332030585408211
-2.092655468631435
-2.383673672582589
-2.409451550907559
-2.2950378408034644
-2.3214648269318245
-2.1681602001190186
-2.443680901376028
-2.503537292480469
-2.2181876354357777
-2.640300214290619
-2.1626108771278743
-2.3111773473875865
-2.266416160427794
-2.3813911886776196
-2.4332533717155456
-2.5151739873384176
-2.5639931758244834
-2.386672990662711
-2.346405021168969
-2.639360951340717
-2.3690707683563232
-2.393357978417323
-2.3669624636250157
-2.485030256932782
-2.496859153111776
-2.29392086300585
-2.2613612711429596
-2.3241418386573223
-2.235657595452808
-2.1240286275192544
-2.3806191364924114
-2.158933910456571
-2.276951294096689
-2.425232200911551
-2.2859364783062652
-2.0076253754752025
-2.395386857144973
-2.192769944667816
-2.1421787488845085
-2.280777973372762
-2.297287673420376
-2.385084843635559
-2.3222986129614025
-2.3227048030266393
-2.214147332361189
-2.1887945032888845
-2.376252544231904
-2.200855704871091
-2.568184266487757
-2.083227649331093
-2.3855233853513544
-2.24640746028335
-2.2976265379360745
-2.4456959048906963
-2.321513141194979
-2.0800446920535145
-2.2902354073524473
-2.171961792053715
-2.1597147613275247
-2.3848575353622437
-2.186260424554348
-2.3227429954629195
-2.3769844628515697
-2.2707788735628127
-2.175408353805542
-2.2311525399034675
-2.2700334815751937
-2.761388381322225
-2.2456644051002734
-2.479457027571542
-2.3501954933871394
-2.115310976582189
-2.3094513872090507
-2.411220219051629
-2.3032841061552367
-2.1849801778793334
-2.2038545966148377
-2.1867867669121166
-2.2928049125761354
-2.278532500674085
-2.6137903381038354
-2.4654276030404225
-2.26225108413373
-2.2986632518048555
-2.2253248535669767
-2.4026214048780243
-2.419321664879399
-2.320331306293093
-2.56010294953982
-2.413629156138216
-2.0358694835945412
-2.423848751428965
-2.493918892315456
-2.1163454744550916
-2.410647988319397
-2.140765497178742
-2.0277317220514472
-2.246654229779397
-2.3026027366763255
-2.248777759702582
-2.2666727481409907
-2.396050424575806
-2.549478039741516
-2.509038398482583
-2.2675897625257386
-2.334332776921136
-2.3972707059648304
-2.292405524674584
-2.5526852358219236
-2.0853082432466397
-2.180485135316849
-2.3187469986901768
-2.274329575044768
-2.337265997163711
-2.329272651672363
-2.397353671692513
-2.174578957259655
-2.3308338742507133
-2.3277132640013822
-2.2128119443325285
-2.234685861012515
-2.3630815744400024
-2.237262532566533
-2.283529433337125
-2.2738888651132583
-2.446981491581086
-2.313136049111684
-2.4798414146198944
-2.2097204999720796
-2.246212029267871
-2.6995595488055
-2.2213141348050987
-2.2851319661954554
-2.6417924838188367
-2.3158612006749864
-2.429128091865116
-2.2580024798711142
-2.195550216568841
-2.537909433648393
-2.2747444344891443
-2.2657511639145187
-2.545261868115129
-2.402667188644409
-2.2722714375226927
-2.364993295562801
-2.3281118273735046
-2.2135592200862826
-2.2077057524160906
-2.3084314789688376
-2.4339034616947175
-2.463163389099969
-2.3804374247789384
-2.219268043298979
-2.3773527113167017
-2.222141306740897
-2.64873308274481
-2.1680802299130346
-2.1703512576910167
-2.0954462713665434
-2.341892349720001
-2.23171449807974
-2.2261382000786916
-2.1779830401593987
-2.3233209484153323
-2.4072678411006927
-2.1422685422795884
-2.5542688012123107
-2.1449447957480827
-2.198377341032028
-2.276951294096689
-2.438732151631956
-2.190805503150873
-2.4782909569532974
-2.2184455241475787
-2.122546346651183
-2.4183350113721995
-2.2245163466479325
-2.455154299736023
-2.312054960585352
-2.4537524399550064
-2.184849165380001
-2.5712425017356875
-2.2018651217222214
-2.265508871078491
-2.025861332291051
-2.030478662566135
-2.203566885600656
-2.144157353374693
-2.2077487312830413
-2.4591789138622775
-2.2764888417964078
-2.350940900690415
-2.353906830151876
-2.238311767578125
-2.2158348905412772
-2.2229552245140076
-2.199091899779535
-2.350195199944252
-2.554750442504883
-2.2924164350216207
-2.3921162025837956
-2.20373127785596
-2.703191779755257
-2.450022252542632
-2.608042186498642
-2.241612318684073
-2.2192598097566245
-2.452540235860007
-2.3348261443051426
-2.255984614635336
-2.1323812511232165
-2.498533578713735
-2.1890460036017676
-2.3437262666759207
-2.2153684713623742
-2.5313037116572543
-2.432388190637555
-2.0500380065706043
-2.1610101531533634
-2.0734711227745843
-2.323463730952319
-2.3621114165175197
-2.342558618854074
-2.3485206842422484
-2.3966666095110836
-2.2693223982088027
-2.5642875277477764
-2.554750442504883
-2.1447898066321085
-2.1820014357566833
-2.3079414858537564
-2.269211966102406
-2.3492239433176376
-2.321042801394607
-2.228416751592587
-2.235097286493882
-2.142632469898317
-2.4779502898454666
-2.355064966281255
-2.342900771015095
-2.1286860023226057
-2.512268466608865
-2.344291999422271
-2.3286733188127218
-2.1776752968629203
-2.178631371067416
-2.3189668345909853
-2.2460171847507873
-2.377756626441561
-2.2452985882759093
-2.1257741359563975
-2.0608351911817278
-2.1673226392630376
-1.98700863343698
-2.5699416249990463
-2.2554608838898793
-2.448984363140204
-2.366836456079332
-2.2373987258526316
-2.2715130941621187
-2.494123549461365
-2.1209789246928934
-2.2870785980893853
-2.336511572202047
-2.4218337487201302
-2.4478384369895574
-2.2399009498831344
-2.3720665808879966
-2.3104168006352017
-2.2374383623783407
-2.142012939504955
-2.435512745634038
-2.3166509636243187
-2.4461652168860804
-2.267180040234425
-2.179901013983057
-2.1790984224100582
-2.5174278557300567
-2.4178985418944525
-2.3063757909195766
-2.5350252549822736
-2.45535510014265
-2.4890781294914985
-2.3060497504014235
-2.5126951567151328
-2.331322642473074
-2.194718338073568
-2.1841321575875376
-2.359883324458049
-2.351130832986134
-2.2897794409231707
-2.484168688861691
-2.324567110538483
-2.347897481918335
-2.3567318439483644
-2.2117082928457568
-2.257681850231055
-2.191609455479516
-2.253333900944661
-2.132298670433186
-2.2092199483696295
-2.605357531990324
-2.359805385271708
-2.2071721378494713
-2.406741911714727
-2.261242442406141
-2.347729130118501
-2.4809615047354447
-2.182639051128078
-2.1990734292011633
-2.22490857406096
-2.238198877445289
-2.5205999121946445
-2.5823041256084
-2.326859099524362
-2.26008327234359
-2.3522796596305957
-2.3158119935838
-2.124303000588571
-2.239309803435677
-2.4142826149861016
-2.291665048741583
-2.1813016572936634
-2.124578723040494
-2.216201509254566
-2.076077099504142
-2.180435683992174
-2.184950565590578
-2.718351125717163
-2.9373242606719336
-2.293377311527729
-2.298176298218389
-2.320522114634514
-2.08482853130058
-2.3884787495647157
-2.174967953791985
-2.3777719131414443
-2.2859364783062652
-2.4681100845336914
-2.391808948346547
-2.4936734611789384
-2.1914193059716904
-2.131978944937388
-2.199921357631683
-2.504011074701945
-2.0704956817626954
-2.3657266047765626
-2.272937853725589
-2.3791330611264265
-2.233289358408555
-2.2402053269846687
-2.5389357843706684
-2.140765497178742
-2.387663119369083
-2.1861963201971615
-2.4153195766302256
-2.517662375204025
-2.3061469819234763
-2.3930155524501093
-2.4778152131117306
-2.243339264834369
-2.5035014403493783
-2.160962745950029
-2.2652324736118317
-2.2743146255904554
-2.3845865703546085
-2.0456498024009524
-2.3897985754341913
-2.41692800898301
-2.354638574520747
-2.284440881114895
-2.133347127172682
-2.706888374529387
-2.2810915140878585
-2.4870104210717336
-2.397903818072695
-2.256133714547524
-2.228114439890935
-2.381921966438708
-2.469039759545956
-2.308428601971988
-2.160465134514703
-2.260678291320801
-2.291207546989123
-2.022103306723804
-2.3377370353330647
-2.3631139410302993
-2.4410335186280703
-2.260804146528244
-2.3075830633678134
-2.1146750966707866
-1.9824200528008598
-2.2256702241443453
-2.3218222931027412
-2.288894906640053
-2.271210625767708
-2.435171639047018
-2.453050888501681
-2.13506036454981
-2.3829497836885
-2.287276331720681
-2.22835730251513
-2.371010008312407
-2.292686260979751
-2.45849881143797
-2.5419853210449217
-2.4996423853768244
-2.399105468862935
-2.370392361283302
-2.4479702813284736
-2.2965188839218835
-2.298255548874537
-2.269538640975952
-2.399985211236136
-2.3993826627731325
-2.3675515942457244
-2.158061527070545
-2.341892349720001
-2.5023296414589393
-2.4548698998334113
-2.3289106165369353
-2.5607443203528724
-2.2828022472320066
-2.8097711957019307
-2.3729324947703967
-2.281930848574027
-2.228302554386418
-2.036774916308267
-2.117025179021499
-2.381243870808528
-2.3771638572216034
-2.3427644142737756
-2.297701753951885
-2.301444255170368
-2.532083807921991
-2.200683634236174
-2.4021027582447703
-2.286062180179439
-2.1679359532114284
-2.232273521748456
-2.4711002741219863
-2.5778403831463232
-2.3984160054590284
-2.2802967686077644
-2.2633153200149536
-2.3143845185255394
-2.2356794018011827
-2.260034474833258
-2.2157484838518045
-2.2318432562881045
-2.4455728669097456
-2.3054280896340646
-2.4213507652282713
-2.2543048429907415
-2.216796642000025
-2.490771769660793
-2.2040902863849294
-2.1891241851499523
-2.31326024199641
-2.456585885087649
-2.2194057495095008
-2.4806433107893344
-2.288214123767355
-2.1910982770579204
-2.45175672854696
-2.311342682157244
-2.226429815950065
-2.5221539161823414
-2.561318962804733
-2.1632227182388304
-2.0224883459052263
-2.257638925065597
-2.022864284722701
-2.674488678574562
-2.496798892815908
-2.4351568118385645
-2.297466930321285
-2.0238514413004336
-2.3555595963089555
-2.2545050274242056
-2.3556701859762503
-2.370458825996944
-2.2828022472320066
-2.201093844631139
-2.3383133599632666
-2.333033049428785
-2.2253906644623855
-2.2808062453423776
-2.2674710181626407
-2.263617521240598
-2.3939200925827024
-2.2284254480052637
-2.435992757976055
-1.9963439544041952
-2.297728928308638
-2.265664444157952
-2.4195942190977244
-2.3540344749178206
-2.5014797002077103
-2.2639235073122483
-2.096262234098771
-2.4276259023210276
-2.3855986957964688
-2.2119114892236116
-2.1884630421797433
-2.266009677814532
-2.147645955862001
-2.265649708679744
-2.304528523464592
-2.6751228257229456
-2.2408169035253853
-1.9919001514261419
-2.427925946864676
-2.31171758237638
-2.3170312634412795
-2.250893990198771
-2.19388186230379
-2.278223161344175
-2.7348784037998746
-2.4279382785161334
-2.8939244151115417
-2.2548308769861856
-2.225041127204895
-2.360088251788041
-2.45285560797762
-2.333531081676483
-2.2387898009398888
-2.278695986005995
-2.294743918946811
-2.4094080666326128
-2.7166505501820493
-2.2805661610935046
-2.19709175825119
-2.2857148698398047
-2.4623135725657144
-2.132858184667734
-2.556792336040073
-2.524213923017184
-2.3475450296555795
-2.225968581564883
-2.6917134648875187
-2.249379232796756
-2.4090942725157127
-2.4219613909721374
-2.0809917585416273
-2.2719856982535505
-2.3638979382812977
-2.2332386599646674
-2.337230541876384
-2.331453334201466
-2.362986216942469
-2.3522796596305957
-2.2250744763173556
-2.640030418123518
-2.169752801548351
-2.3604208528995514
-2.507883593440056
-2.3005666281725907
-2.5231676612581526
-2.2037051095337166
-2.186044259203805
-2.0068047365971973
-2.475176236568353
-2.415367180109024
-2.1301169003759113
-2.2453408384764635
-2.0983505971888277
-2.228090625149863
-2.269508209079504
-2.572775074729213
-1.9111599376861086
-2.154125760167332
-2.4054998870481525
-2.3205886549419827
-2.288140095770359
-2.279367106932181
-2.375227410618852
-1.8746133284135298
-2.0997376744864416
-2.4517704787708463
-2.2141989180019923
-2.2125823835531873
-2.350182591165815
-2.159690411388874
-2.4529828021400855
-2.3921337638582503
-2.1515128446179768
-2.524213923017184
-2.278568400277032
-2.093261425559585
-2.2246535050457923
-2.0864374918757744
-2.4406305265426638
-2.3502874204090665
-2.176839872104366
-2.270087035197132
-2.2969238791200848
-2.3990981522060575
-2.5090403195583457
-2.4854029321670534
-2.4736186897053436
-2.457244816635336
-2.2787387591821178
-2.4783193994970882
-1.9885269018911547
-2.3657266047765626
-2.1698460894472458
-2.252302844678202
-2.514780592918396
-2.252290771195763
-2.318357983502475
-2.278136910498142
-2.1076796177555535
-2.366358612378438
-2.1640231639146803
-2.346140217036009
-1.9995005159843258
-2.196817007660866
-2.4737042940181233
-2.219875283539295
-2.1303700024173375
-2.492467024922371
-2.2601474291187222
-2.4101178805033365
-2.2450234231664172
-2.247256855169932
-2.272980862475456
-2.1215400743484496
-2.2600213810801506
-2.290727595893704
-2.35087733482247
-2.343592416156422
-2.3017947567833796
-2.443739884666034
-2.063616651409077
-2.3446020177892737
-2.452573231288365
-2.799656120630411
-2.4156268642794703
-2.192264817481817
-2.2687572794301167
-2.247714429066099
-2.1596066874842488
-2.4518971951281436
-2.3577360936573575
-2.330250567578255
-2.305679644147555
-2.1082761032240733
-2.319582698080275
-2.5566810212637248
-2.166523952233164
-2.176347106695175
-2.1211245722240872
-2.129964696733575
-2.2133318966085263
-1.8467995666322254
-2.0695348729689917
-2.0668702809898942
-2.2391947028113575
-2.224129352880561
-2.142644301056862
-1.9604060169189208
-2.295826695583485
-2.325861048919183
-2.7487018778920174
-2.037281605235317
-2.269598242736632
-2.5094105890819005
-2.232632805000652
-2.103003857533137
-2.233718625430403
-2.2744386100769045
-2.366372693416684
-2.317443854042462
-2.2430256894140532
-2.045889987501987
